100 100

# Men's preferences
34 67 12 89 45 23 78 56 1 90 43 61 28 73 15 38 52 7 84 29 47 63 19 36 81 54 9 72 25 48 66 3 91 40 57 14 83 31 76 22 95 41 59 18 86 33 70 6 79 27 44 68 5 93 37 55 11 82 26 49 65 2 88 42 60 17 85 30 75 21 94 39 57 16 80 24 46 64 10 87 32 53 8 92 35 58 13 77 20 50 69 4 96 38 62 99 53 71 46 24
78 21 54 3 47 92 15 69 38 84 27 61 6 73 19 44 88 33 57 10 75 29 63 42 86 18 52 97 24 68 13 37 81 26 60 5 79 22 56 11 95 30 74 48 7 41 85 16 50 64 2 91 36 72 17 43 87 32 66 20 53 98 31 76 9 45 89 28 62 40 83 14 58 4 77 25 49 93 34 70 8 46 90 35 59 13 99 51 80 23 55 1 67 39 71 96 42 65 18 82
56 11 84 39 72 25 60 7 93 41 76 30 65 18 53 6 88 43 77 21 98 47 14 69 32 57 90 3 26 71 44 8 83 37 62 15 50 4 79 22 67 35 51 96 10 45 86 33 68 17 52 97 24 59 13 38 81 29 74 27 63 2 91 40 75 19 54 9 85 31 70 48 5 80 23 46 87 16 55 1 66 20 95 42 64 28 73 11 49 61 34 58 92 36 78 100 47 82 53 71
89 44 23 67 12 56 78 34 90 1 43 73 61 28 15 52 38 84 29 7 63 47 19 81 36 54 72 25 9 66 48 3 91 40 57 14 83 31 22 76 95 41 59 18 86 70 33 6 79 44 68 5 37 93 55 11 26 82 49 65 2 42 88 60 17 85 30 21 75 94 39 16 57 24 80 46 10 64 87 32 8 53 92 35 13 58 77 20 4 50 69 96 38 62 99 53 71 46 24 27
12 45 89 34 67 23 56 78 90 1 28 61 73 43 38 7 52 84 15 29 36 81 54 19 63 47 25 72 9 48 3 66 40 91 57 14 76 83 31 22 41 95 18 59 86 33 70 6 27 79 5 68 44 37 93 11 55 82 26 65 49 2 60 88 42 17 85 30 75 21 94 16 39 57 80 24 46 64 10 87 32 53 8 35 92 13 58 77 20 50 4 69 96 38 62 99 53 71 46 24
67 89 34 12 23 45 78 56 90 43 1 61 28 73 52 15 38 84 7 29 81 63 47 36 54 19 25 72 9 66 3 48 91 14 57 40 83 76 31 22 95 59 41 18 86 70 33 6 44 79 68 5 93 37 55 11 82 26 49 65 2 42 88 60 17 85 30 75 21 39 94 16 57 80 24 46 64 10 87 32 8 53 92 35 58 13 77 20 50 69 4 96 38 62 99 53 71 46 24 27
23 56 78 12 45 89 34 67 1 90 61 28 43 73 7 15 38 52 84 29 47 63 36 19 54 81 72 25 9 66 48 3 91 40 57 31 14 83 76 22 41 95 59 18 86 33 70 6 79 27 5 68 44 93 37 55 11 82 26 65 49 2 42 88 60 17 30 85 75 21 94 39 16 57 24 80 46 64 10 87 32 53 8 92 35 13 58 77 4 20 50 69 96 38 62 99 53 71 46 24
45 12 89 23 56 78 34 67 43 90 1 73 28 61 52 38 15 84 7 29 63 81 47 54 19 36 72 25 9 48 3 66 91 40 57 14 76 83 31 22 95 41 59 86 18 70 33 6 44 79 68 27 5 93 37 11 55 82 26 65 49 88 2 42 60 17 85 30 75 21 39 94 16 57 80 24 10 46 64 87 32 53 8 92 35 58 13 77 20 4 50 69 96 38 62 99 53 71 46 24
90 1 34 67 89 45 23 78 56 12 43 61 73 28 15 38 52 84 7 29 36 47 63 19 81 54 72 25 9 66 48 3 91 40 57 83 14 76 31 22 95 41 59 18 86 33 70 6 79 27 68 44 5 93 37 55 11 82 49 26 65 42 2 88 60 17 85 30 75 94 21 39 16 57 80 24 64 46 10 87 32 8 53 92 35 58 13 77 20 50 4 69 96 38 62 99 53 71 46 24
78 34 12 67 56 23 45 89 90 43 1 28 73 61 38 52 7 84 15 29 81 63 47 36 54 19 72 9 25 3 66 48 91 14 57 40 83 31 76 22 41 95 59 18 86 70 33 6 27 79 44 5 68 93 11 37 55 82 65 26 49 2 88 42 60 17 30 85 21 75 94 39 16 57 24 80 46 10 64 87 8 32 53 92 35 13 58 77 20 4 50 69 96 38 62 99 53 71 24 46
61 73 28 43 89 34 67 12 56 78 1 90 23 45 84 52 38 15 7 29 54 19 81 63 47 36 72 25 9 66 48 3 91 40 83 57 14 76 31 22 95 59 41 18 86 33 70 44 6 79 27 5 68 37 93 55 11 82 65 26 49 42 2 88 60 17 85 30 75 21 94 39 16 57 80 24 64 46 10 32 87 53 8 92 35 58 13 77 50 20 4 69 96 38 62 99 71 53 46 24
28 73 61 43 12 45 89 67 34 56 78 1 90 23 84 15 38 52 7 29 19 47 63 36 81 54 72 9 25 66 48 3 14 91 57 40 83 31 76 22 59 95 41 18 86 70 33 44 6 79 5 27 68 37 93 11 55 82 49 26 65 88 2 42 60 17 30 85 21 75 94 39 57 16 24 80 46 64 10 87 8 32 53 35 92 58 13 77 20 4 50 69 38 96 62 99 53 71 24 46
56 78 34 23 12 67 45 89 90 43 1 28 73 61 52 38 84 15 7 29 47 36 81 63 54 19 72 9 25 3 48 66 91 40 14 57 83 31 76 22 41 95 18 59 86 33 70 6 79 27 44 68 5 93 55 37 11 82 26 49 65 2 88 42 17 60 85 30 21 75 94 39 16 57 80 24 46 10 64 87 32 53 8 92 13 35 58 77 4 20 50 69 96 62 38 99 53 46 71 24
89 23 45 67 34 78 56 12 90 43 1 61 28 73 38 15 52 84 7 29 63 81 36 47 54 19 25 72 9 48 3 66 40 91 57 14 76 83 31 41 22 95 59 18 86 33 44 70 6 79 27 68 5 93 37 55 82 11 26 65 49 2 42 88 60 30 17 85 75 21 94 39 57 16 80 24 64 46 10 87 32 8 53 92 35 58 13 20 77 50 4 69 38 96 62 99 53 71 24 46
45 67 12 78 56 34 23 89 1 90 43 73 28 61 7 52 38 15 84 29 81 19 47 63 54 36 72 25 9 66 3 48 91 40 57 76 14 83 31 22 95 41 59 86 18 33 70 6 27 79 44 5 68 93 11 37 55 82 49 26 65 2 88 42 60 17 85 75 30 21 94 39 16 57 80 24 64 10 46 87 32 53 92 8 35 13 58 77 4 20 50 69 96 38 62 99 71 53 24 46
12 34 67 56 45 78 89 23 90 1 28 61 43 73 84 38 52 7 15 29 36 63 47 81 54 19 9 25 72 66 48 3 91 57 40 14 83 76 31 22 41 95 18 59 86 70 33 6 44 79 27 5 68 55 93 37 11 82 26 65 49 42 2 88 60 17 30 85 21 75 94 39 57 16 80 24 10 46 64 87 32 8 53 92 58 35 13 77 20 4 50 69 96 38 99 62 53 71 24 46
34 89 67 12 23 56 45 78 43 90 1 28 73 61 15 52 38 7 84 29 54 81 36 63 47 19 25 72 9 66 3 48 91 40 57 14 83 76 31 22 95 41 86 18 59 33 70 6 79 44 27 68 5 37 93 55 11 82 49 26 65 2 42 88 60 17 85 30 21 75 94 39 16 57 24 80 46 64 10 87 32 53 92 8 35 58 13 77 20 50 4 69 96 38 62 99 53 71 24 46
67 23 89 45 78 34 56 12 90 1 61 43 28 73 38 52 84 15 7 29 47 19 81 63 36 54 25 72 9 66 48 3 40 91 57 14 83 76 31 22 59 95 41 18 86 70 33 6 44 79 5 27 68 93 37 55 11 82 26 65 49 88 2 42 60 17 85 75 30 21 94 57 39 16 24 80 46 64 10 87 8 32 53 92 35 58 13 77 4 20 50 69 96 38 62 99 53 71 46 24
78 56 23 89 12 45 34 67 43 1 90 73 61 28 52 84 38 15 7 29 63 81 19 47 36 54 72 9 25 3 66 48 14 91 40 57 83 31 76 22 41 95 59 18 86 33 70 6 79 27 44 68 5 37 93 55 11 26 82 65 49 2 88 42 17 60 30 85 21 75 94 39 16 57 24 80 10 64 46 87 32 53 8 92 35 13 58 77 20 50 4 69 96 38 62 99 71 53 46 24
12 45 23 56 89 78 67 34 90 1 43 61 28 73 15 52 84 38 7 29 81 36 63 47 54 19 9 72 25 66 3 48 91 57 40 14 83 31 76 22 95 41 86 59 18 33 70 6 79 44 27 5 68 93 37 55 11 82 65 26 49 42 88 2 60 17 85 30 21 75 94 39 57 16 80 24 46 64 10 87 8 32 53 92 35 58 13 77 50 4 20 69 96 38 62 99 53 71 46 24
89 34 56 78 67 23 45 12 1 90 43 28 61 73 84 7 52 38 15 29 19 47 81 36 54 63 25 72 9 48 66 3 40 91 57 14 31 83 76 22 95 41 59 18 86 33 70 44 6 79 27 68 5 93 37 11 55 82 49 26 65 2 42 88 60 17 85 30 21 75 94 39 16 57 80 24 46 10 64 87 32 53 8 92 35 58 13 77 20 4 50 69 96 62 38 99 53 71 24 46
56 34 78 67 12 89 45 23 90 43 1 61 73 28 52 38 84 7 15 29 63 47 19 81 36 54 9 72 25 66 48 3 91 14 40 57 83 76 31 22 41 95 18 59 86 70 33 6 79 44 27 68 5 37 93 55 82 11 26 65 49 88 2 42 60 17 85 30 75 21 94 39 57 16 24 80 64 46 10 87 32 8 53 92 13 35 58 77 4 20 50 69 96 38 99 62 71 53 24 46
45 78 56 12 67 34 23 89 90 1 43 73 28 61 38 52 7 84 15 29 36 54 81 19 47 63 72 25 9 66 3 48 91 57 40 14 83 76 31 22 95 59 41 18 86 33 70 6 44 79 27 5 68 37 93 11 55 82 26 65 49 42 2 88 60 17 85 30 21 75 94 39 16 57 80 24 46 64 10 87 32 53 92 8 35 13 58 77 20 4 50 69 96 38 62 99 71 53 46 24
23 12 78 89 45 56 34 67 90 43 1 28 61 73 84 52 15 38 7 29 47 81 36 19 54 63 25 72 9 3 66 48 40 91 14 57 83 31 76 22 41 95 59 18 86 33 70 6 79 27 5 68 44 93 55 37 11 82 65 26 49 2 88 42 60 30 17 85 75 21 94 39 57 16 24 80 46 64 10 32 87 8 53 92 35 58 13 77 20 4 50 69 96 62 38 99 53 71 24 46
67 56 45 34 89 23 12 78 1 90 43 61 28 73 38 15 84 52 7 29 81 47 54 63 36 19 9 25 72 48 66 3 91 40 57 14 31 83 76 22 95 41 86 59 18 70 33 6 79 44 27 68 5 93 37 55 11 82 26 49 65 42 2 88 60 17 85 30 75 21 94 39 57 16 80 24 46 10 64 87 32 53 8 92 35 58 77 13 4 20 50 69 38 96 62 99 53 71 24 46
34 23 67 78 89 45 56 12 90 43 1 73 61 28 52 84 38 15 7 29 36 63 19 81 54 47 72 9 25 3 66 48 91 14 40 57 83 31 76 41 22 95 59 18 86 33 70 6 44 79 27 68 5 93 37 55 11 82 26 49 65 2 88 42 60 30 17 85 21 75 94 39 57 16 24 80 64 46 10 87 32 8 53 92 58 35 13 77 20 4 50 69 96 38 62 99 71 53 46 24
89 67 78 45 34 56 12 23 1 90 61 43 73 28 84 38 52 7 15 29 19 36 47 81 54 63 72 25 9 66 3 48 14 91 40 57 83 76 31 22 95 41 59 86 18 70 33 6 79 27 44 5 68 93 37 55 11 82 49 26 65 2 88 42 17 60 85 30 75 21 94 57 39 16 80 24 46 64 10 87 32 53 8 92 35 13 58 77 20 4 50 69 96 38 62 99 53 71 46 24
12 56 89 23 67 34 78 45 43 90 1 28 73 61 52 38 7 84 15 29 81 36 47 63 54 19 9 72 25 66 48 3 91 40 14 57 83 76 31 22 41 95 59 18 86 33 70 6 79 27 44 68 5 93 37 55 11 82 26 65 49 42 2 88 60 17 30 85 21 75 94 39 57 16 80 24 10 46 64 87 32 53 8 92 35 13 58 77 20 50 4 69 96 38 62 99 71 53 24 46
78 45 34 23 67 89 12 56 90 1 43 28 61 73 84 52 38 15 7 29 63 54 81 47 36 19 25 9 72 66 3 48 91 57 40 14 31 83 76 22 95 41 59 86 18 33 70 6 44 79 68 27 5 37 93 55 11 82 26 65 49 88 2 42 17 60 85 30 75 21 94 39 57 16 80 24 46 64 10 87 53 32 8 92 35 58 13 77 4 20 50 69 96 38 99 62 71 53 24 46
56 67 23 45 34 78 89 12 90 43 1 73 61 28 38 52 84 7 15 29 47 36 19 81 63 54 72 25 9 3 66 48 91 14 40 57 83 31 76 22 95 59 41 18 86 70 33 6 79 44 27 5 68 93 37 11 55 82 26 65 49 2 42 88 60 17 85 30 21 75 94 39 16 57 24 80 46 64 10 87 32 53 92 8 58 35 13 77 4 20 50 69 96 38 62 99 53 71 46 24
45 23 34 56 12 67 78 89 1 90 28 61 43 73 52 84 38 7 15 29 81 54 36 63 47 19 72 9 25 48 66 3 91 40 57 14 76 83 31 22 41 95 18 59 86 33 70 6 27 79 5 44 68 93 37 55 11 26 82 65 49 2 88 42 60 30 17 85 21 75 94 39 16 57 80 24 64 46 10 87 32 53 8 35 92 13 58 77 50 4 20 69 96 38 62 99 53 71 24 46
67 78 12 34 23 89 56 45 43 90 1 61 73 28 84 52 15 38 7 29 36 19 47 81 54 63 9 72 25 3 66 48 91 40 14 57 83 31 76 22 95 59 41 18 86 33 44 70 6 79 68 27 5 93 37 55 82 11 26 65 49 2 88 42 60 17 85 30 21 75 94 39 57 16 24 80 46 64 10 87 8 32 53 92 35 58 13 77 20 4 50 69 38 96 62 99 53 71 24 46
89 45 78 56 23 67 34 12 90 43 1 28 61 73 38 7 84 52 15 29 63 47 81 54 36 19 72 25 9 66 3 48 91 40 57 14 83 76 31 22 59 95 41 18 86 33 70 6 79 44 27 5 68 37 93 55 11 82 65 26 49 42 2 88 60 30 17 85 75 21 94 39 16 57 80 24 46 10 64 87 32 53 92 8 13 35 58 77 20 4 50 69 96 38 99 62 53 71 24 46
23 34 56 89 67 78 45 12 90 1 43 61 73 28 84 38 52 15 7 29 36 19 81 54 63 47 25 72 9 66 48 3 91 14 40 57 76 83 31 22 95 41 59 86 18 70 33 6 79 44 27 68 5 93 11 37 55 82 26 65 49 2 88 42 60 17 85 21 30 75 94 39 16 57 24 80 46 64 10 87 32 8 53 92 35 58 13 77 4 20 50 69 96 38 99 62 71 53 46 24
12 78 45 67 56 34 23 89 90 1 43 61 28 73 52 84 38 7 15 29 47 63 81 36 54 19 72 25 9 66 48 3 91 40 14 57 83 31 76 22 41 95 59 18 86 33 70 44 6 79 27 68 5 37 93 55 11 82 65 26 49 88 2 42 60 17 30 85 21 75 94 39 57 16 80 24 64 46 10 87 8 32 53 92 35 13 58 77 4 20 50 69 96 38 62 99 71 53 24 46
56 89 12 34 78 67 23 45 43 90 1 73 61 28 38 84 52 15 7 29 81 54 47 36 63 19 9 72 25 48 66 3 40 91 14 57 83 76 31 22 95 41 59 86 18 33 70 6 79 44 27 68 5 93 37 55 82 11 26 65 49 2 42 88 60 17 85 30 75 21 94 39 57 16 80 24 46 10 64 87 32 8 53 92 58 35 13 77 4 20 50 69 96 38 62 99 53 71 24 46
34 67 89 78 56 12 45 23 90 43 1 28 61 73 84 52 38 15 7 29 54 81 63 36 47 19 72 9 25 3 66 48 91 40 57 14 83 31 76 22 41 95 59 18 86 70 33 6 79 44 27 5 68 93 55 37 11 82 65 26 49 2 88 42 17 60 85 30 21 75 94 39 57 16 24 80 46 64 10 87 53 32 8 92 35 58 13 77 20 50 4 69 38 96 62 99 53 71 46 24
45 56 67 78 89 23 12 34 1 90 43 61 28 73 52 38 84 15 7 29 19 81 47 63 54 36 25 72 9 66 3 48 91 40 57 14 83 76 31 22 95 41 86 18 59 33 70 6 44 79 27 68 5 93 37 11 55 82 26 65 49 42 2 88 60 17 85 30 75 21 94 39 16 57 80 24 46 10 64 87 32 53 92 8 35 13 58 77 20 4 50 69 96 38 62 99 71 53 24 46
78 23 56 89 12 45 67 34 90 43 1 61 73 28 84 7 52 38 15 29 63 36 47 19 81 54 72 25 9 66 48 3 91 14 40 57 83 31 76 22 41 95 18 59 86 33 70 6 79 44 27 5 68 93 37 55 11 82 26 49 65 2 88 42 60 30 17 85 21 75 94 39 57 16 80 24 46 64 10 87 32 8 53 92 35 58 77 13 4 20 50 69 96 38 62 99 53 71 46 24
67 12 34 23 45 78 56 89 90 1 43 28 73 61 38 52 84 7 15 29 81 19 54 63 47 36 9 72 25 48 66 3 91 40 57 14 76 83 31 22 95 41 59 18 86 33 70 6 79 27 5 68 44 93 37 55 11 82 65 26 49 42 88 2 60 17 85 30 21 75 94 39 16 57 80 24 46 64 10 87 32 53 8 92 35 13 58 77 20 4 50 69 96 38 62 99 53 71 46 24
89 78 67 56 45 34 23 12 90 43 1 61 28 73 84 52 38 15 7 29 36 47 81 19 63 54 72 25 9 66 3 48 91 40 14 57 83 31 76 22 95 41 59 86 18 33 70 6 79 27 44 68 5 93 37 55 11 82 26 49 65 2 88 42 60 30 17 85 75 21 94 39 57 16 80 24 46 64 10 87 32 53 8 92 35 58 13 77 4 20 50 69 96 38 99 62 71 53 46 24
23 45 78 12 56 67 34 89 1 90 28 43 61 73 52 84 15 38 7 29 81 54 36 63 47 19 9 72 25 66 3 48 91 40 14 57 76 83 31 22 41 95 86 59 18 70 33 6 44 79 27 5 68 93 55 37 11 82 26 65 49 42 2 88 60 17 30 85 21 75 94 39 16 57 24 80 46 64 10 87 32 53 8 92 35 58 13 77 20 50 4 69 96 38 62 99 53 71 24 46
56 34 89 12 67 23 78 45 90 1 43 73 28 61 84 38 52 7 15 29 47 19 36 81 54 63 25 72 9 3 66 48 91 14 40 57 83 31 76 22 95 59 41 18 86 33 70 6 79 44 27 5 68 37 93 55 11 82 26 49 65 2 88 42 17 60 85 30 75 21 94 39 16 57 80 24 64 10 46 87 32 53 8 92 35 58 13 77 50 4 20 69 96 38 62 99 71 53 46 24
45 67 56 89 78 34 12 23 43 90 1 61 73 28 52 38 84 7 15 29 63 81 36 47 54 19 72 9 25 66 48 3 91 40 57 14 83 76 31 22 41 95 59 18 86 70 33 6 44 79 27 68 5 93 37 11 55 82 65 26 49 88 2 42 60 30 17 85 21 75 94 39 57 16 24 80 46 64 10 87 32 53 8 35 92 13 58 77 4 20 50 69 96 62 38 99 71 53 24 46
12 23 45 56 89 78 34 67 90 1 43 61 73 28 84 38 52 15 7 29 54 81 36 47 19 63 72 25 9 66 48 3 91 40 14 57 83 31 76 22 95 41 59 86 18 33 70 6 79 27 44 5 68 93 37 55 11 82 65 26 49 2 88 42 60 17 85 30 21 75 94 39 16 57 24 80 46 64 10 87 32 53 92 8 35 58 13 77 4 50 20 69 96 38 62 99 53 71 46 24
78 67 56 45 34 23 89 12 90 43 1 28 61 73 52 38 84 15 7 29 36 19 81 47 63 54 72 25 9 66 3 48 91 40 14 57 76 83 31 22 95 41 59 18 86 70 33 6 79 44 68 27 5 37 93 55 11 82 26 49 65 2 42 88 60 17 85 30 75 21 94 39 16 57 80 24 64 10 46 87 32 8 53 92 35 58 13 77 20 4 50 69 96 38 62 99 71 53 46 24
34 56 78 67 23 89 12 45 1 90 43 61 28 73 84 52 38 15 7 29 47 36 63 81 54 19 72 9 25 66 48 3 14 91 57 40 83 76 31 22 41 95 59 18 86 33 70 6 44 79 27 5 68 93 37 11 55 82 49 26 65 42 2 88 60 30 17 85 21 75 94 39 16 57 80 24 46 10 64 87 32 53 8 92 35 13 58 77 50 4 20 69 96 38 62 99 53 71 24 46
89 12 45 67 78 23 56 34 90 43 1 73 28 61 38 84 52 15 7 29 81 63 47 36 54 19 25 9 72 66 48 3 91 40 14 57 83 31 76 22 95 41 59 18 86 33 70 6 79 44 27 68 5 93 55 37 11 82 26 65 49 2 42 88 60 17 85 30 75 94 21 39 16 57 80 24 46 64 10 87 32 8 53 92 35 58 13 77 20 4 50 69 96 38 62 99 71 53 46 24
67 34 23 56 12 89 78 45 90 1 43 28 61 73 84 38 52 7 15 29 19 47 36 81 63 54 72 9 25 66 3 48 91 14 40 57 83 31 76 22 95 41 86 59 18 70 33 6 79 44 27 5 68 93 37 55 82 11 49 26 65 2 88 42 60 30 17 85 21 75 94 39 16 57 24 80 64 46 10 87 32 53 8 92 58 35 13 77 4 20 50 69 96 38 62 99 71 53 24 46
56 78 89 45 23 67 12 34 43 90 1 61 28 73 52 38 84 7 15 29 36 63 47 81 54 19 72 25 9 3 66 48 91 40 14 57 83 31 76 22 95 59 41 18 86 33 70 6 79 44 27 5 68 93 37 55 11 82 65 26 49 2 88 42 60 17 85 30 75 21 94 39 16 57 80 24 46 64 10 87 32 53 92 8 35 13 58 77 20 50 4 69 96 38 99 62 53 71 46 24
45 89 67 34 56 12 78 23 90 1 43 61 73 28 84 52 15 38 7 29 54 47 19 81 36 63 25 9 72 66 3 48 91 40 57 14 83 76 31 22 41 95 18 59 86 33 70 6 79 27 44 68 5 93 37 11 55 82 49 26 65 42 2 88 17 60 85 30 21 75 94 39 57 16 80 24 46 64 10 87 32 53 8 92 35 58 13 77 4 20 50 69 96 38 62 99 53 71 24 46
23 78 12 45 67 34 89 56 90 43 1 73 61 28 38 52 84 7 15 29 81 63 36 47 54 19 72 9 25 66 48 3 91 14 40 57 83 76 31 22 95 41 59 18 86 33 70 6 44 79 27 5 68 93 37 55 11 82 26 65 49 2 88 42 17 60 85 30 21 75 94 39 16 57 24 80 64 46 10 87 32 8 53 92 35 58 13 77 50 4 20 69 96 38 99 62 71 53 24 46
34 45 12 23 67 56 89 78 43 90 1 28 61 73 84 38 52 15 7 29 47 36 19 81 63 54 72 25 9 66 48 3 91 40 14 57 83 76 31 22 95 41 59 86 18 70 33 6 79 44 27 68 5 93 37 55 11 82 26 49 65 2 88 42 60 30 17 85 75 21 94 39 57 16 80 24 46 64 10 87 8 32 53 92 35 13 58 77 4 20 50 69 96 38 62 99 71 53 24 46
12 67 34 89 45 78 23 56 90 1 43 61 28 73 52 38 84 15 7 29 81 36 63 19 47 54 9 25 72 66 3 48 91 40 57 14 76 83 31 22 95 41 59 18 86 33 70 6 79 44 27 68 5 93 55 37 11 82 65 26 49 42 88 2 60 17 85 30 21 75 94 39 16 57 24 80 10 46 64 87 32 8 53 92 35 58 13 77 4 20 50 69 96 38 62 99 71 53 24 46
78 56 34 23 67 89 45 12 90 43 1 61 73 28 84 52 38 15 7 29 19 47 81 63 36 54 72 25 9 3 66 48 91 40 57 14 83 31 76 22 41 95 59 18 86 70 33 6 79 44 27 68 5 37 93 55 11 82 65 26 49 2 42 88 60 30 17 85 21 75 94 39 57 16 80 24 64 46 10 87 32 53 8 92 35 13 58 77 20 4 50 69 96 62 38 99 53 71 24 46
67 45 78 89 56 34 12 23 1 90 43 61 28 73 52 38 84 7 15 29 63 81 47 54 36 19 72 9 25 48 66 3 91 40 14 57 83 31 76 22 95 41 59 86 18 33 70 6 79 44 27 5 68 93 37 11 55 82 49 26 65 2 88 42 17 60 85 30 21 75 94 39 57 16 80 24 46 10 64 87 32 53 8 92 35 58 77 13 4 20 50 69 96 38 62 99 53 71 24 46
89 23 56 67 34 78 12 45 90 43 1 73 28 61 38 52 84 15 7 29 54 19 47 81 36 63 25 72 9 66 3 48 91 40 57 14 83 31 76 22 95 41 59 18 86 33 70 6 79 27 44 68 5 93 37 55 11 82 65 26 49 2 42 88 60 17 85 30 75 21 94 39 57 16 24 80 46 64 10 87 32 8 53 92 35 58 13 77 20 4 50 69 96 38 62 99 53 71 24 46
45 34 23 78 56 67 89 12 90 1 43 61 73 28 84 52 38 15 7 29 81 47 63 36 54 19 72 9 25 66 3 48 91 14 40 57 83 76 31 22 95 41 18 59 86 33 70 6 79 44 27 68 5 93 37 55 11 82 26 65 49 42 2 88 60 17 85 30 21 75 94 39 16 57 24 80 46 64 10 87 32 53 92 8 35 13 58 77 4 20 50 69 96 38 62 99 71 53 24 46
12 78 67 56 89 45 34 23 43 90 1 28 61 73 52 38 84 7 15 29 36 19 47 81 63 54 9 72 25 66 48 3 91 40 57 14 83 76 31 22 41 95 59 18 86 33 70 6 44 79 27 5 68 93 37 11 55 82 26 65 49 2 88 42 60 30 17 85 21 75 94 39 57 16 80 24 46 64 10 87 32 53 8 92 35 58 13 77 50 4 20 69 96 38 62 99 53 71 46 24
23 89 78 56 67 45 34 12 90 1 43 73 61 28 84 52 38 15 7 29 81 47 63 54 36 19 72 9 25 66 48 3 14 91 57 40 83 31 76 22 41 95 59 86 18 33 70 6 79 27 44 5 68 93 37 55 11 82 26 65 49 2 88 42 60 30 17 85 21 75 94 39 16 57 80 24 46 64 10 87 32 53 8 92 35 58 13 77 4 20 50 69 96 38 62 99 53 71 24 46
67 12 89 78 56 45 34 23 90 43 1 61 28 73 38 84 52 15 7 29 19 36 81 47 63 54 25 72 9 66 3 48 91 40 57 14 83 31 76 22 95 59 41 18 86 33 70 6 79 44 27 68 5 93 37 55 11 82 65 26 49 2 88 42 60 17 85 30 21 75 94 39 16 57 24 80 10 46 64 87 32 8 53 92 35 58 13 77 4 20 50 69 96 38 99 62 53 71 24 46
56 45 23 34 67 89 78 12 90 1 43 73 61 28 84 38 52 7 15 29 63 81 36 47 54 19 72 25 9 66 48 3 91 40 14 57 83 76 31 22 41 95 18 59 86 70 33 6 44 79 27 68 5 93 55 37 11 82 26 65 49 42 2 88 60 17 85 30 75 21 94 39 57 16 80 24 46 10 64 87 32 53 8 92 58 35 13 77 20 4 50 69 96 38 62 99 71 53 46 24
89 56 45 78 23 34 67 12 90 43 1 28 61 73 84 38 52 7 15 29 47 81 36 63 54 19 9 25 72 66 3 48 91 14 40 57 83 31 76 22 95 41 59 18 86 33 70 6 79 44 27 68 5 37 93 55 11 82 26 65 49 2 88 42 17 60 85 30 75 21 94 39 16 57 80 24 46 64 10 87 32 53 8 92 35 13 58 77 4 20 50 69 96 38 62 99 53 71 24 46
34 78 56 45 12 67 23 89 90 1 43 61 73 28 52 38 84 15 7 29 54 36 19 47 81 63 72 25 9 66 3 48 91 40 57 14 83 31 76 22 95 41 18 59 86 33 70 6 79 44 27 5 68 93 55 37 11 82 65 26 49 2 42 88 60 30 17 85 21 75 94 39 57 16 80 24 64 46 10 87 32 8 53 92 35 58 13 77 20 50 4 69 96 38 62 99 71 53 24 46
12 89 56 78 45 67 23 34 43 90 1 28 73 61 38 52 84 7 15 29 81 63 47 36 54 19 72 25 9 66 48 3 91 40 14 57 83 76 31 22 95 41 59 86 18 33 70 6 44 79 27 68 5 93 37 11 55 82 26 49 65 42 2 88 60 17 85 30 21 75 94 39 57 16 80 24 46 64 10 87 32 53 8 92 35 58 13 77 4 50 20 69 96 38 99 62 53 71 46 24
67 56 45 34 23 89 78 12 90 1 43 73 61 28 52 84 38 15 7 29 47 81 36 63 54 19 72 9 25 66 3 48 91 14 40 57 83 31 76 22 41 95 59 18 86 70 33 6 79 44 27 68 5 93 37 55 11 82 65 26 49 2 88 42 60 17 85 30 75 21 94 39 16 57 80 24 46 64 10 87 32 8 53 92 35 58 13 77 20 4 50 69 96 38 62 99 71 53 46 24
23 34 89 45 56 78 67 12 90 43 1 61 28 73 38 84 52 15 7 29 19 63 36 81 47 54 72 25 9 3 66 48 91 40 14 57 83 76 31 22 95 41 59 86 18 33 70 6 79 44 27 5 68 93 37 55 11 82 65 26 49 2 88 42 60 30 17 85 21 75 94 39 57 16 24 80 46 64 10 87 32 53 8 92 35 13 58 77 4 20 50 69 96 38 62 99 53 71 46 24
78 89 34 12 45 67 23 56 90 43 1 61 73 28 84 52 38 7 15 29 36 54 47 19 81 63 72 9 25 3 66 48 91 40 57 14 83 31 76 22 95 59 41 18 86 33 70 6 79 27 44 68 5 93 37 55 11 82 65 26 49 2 42 88 60 17 85 30 21 75 94 39 16 57 80 24 64 46 10 87 8 32 53 92 35 58 13 77 4 20 50 69 96 38 99 62 71 53 24 46
45 12 78 23 56 89 34 67 90 43 1 28 61 73 52 38 84 7 15 29 63 81 47 54 36 19 72 9 25 3 66 48 91 40 57 14 83 76 31 22 95 41 59 86 18 33 70 6 44 79 27 68 5 93 37 11 55 82 49 26 65 2 42 88 60 30 17 85 21 75 94 39 16 57 80 24 46 64 10 87 32 53 8 92 35 58 13 77 4 20 50 69 96 38 62 99 53 71 46 24
56 23 67 89 78 34 45 12 1 90 43 61 28 73 84 52 38 15 7 29 36 47 81 19 54 63 25 72 9 66 48 3 91 14 40 57 83 31 76 22 95 41 59 18 86 33 70 6 79 44 27 68 5 93 37 55 11 82 26 65 49 42 2 88 60 17 85 30 21 75 94 39 16 57 24 80 64 46 10 87 32 53 8 92 35 13 58 77 4 20 50 69 96 38 62 99 71 53 24 46
89 45 34 12 78 67 56 23 90 43 1 73 28 61 38 84 52 7 15 29 81 54 47 63 36 19 25 72 9 48 66 3 91 40 57 14 83 31 76 22 41 95 18 59 86 33 70 6 79 44 27 5 68 93 37 55 11 82 65 26 49 88 2 42 60 17 85 30 21 75 94 39 16 57 80 24 46 64 10 87 32 53 92 8 35 58 13 77 4 20 50 69 96 38 99 62 53 71 24 46
67 78 23 45 12 56 34 89 90 1 43 61 73 28 52 84 38 7 15 29 63 47 81 36 54 19 72 25 9 3 66 48 91 40 14 57 83 31 76 22 95 41 59 86 18 70 33 6 79 44 27 5 68 93 37 55 11 82 65 26 49 42 2 88 60 30 17 85 21 75 94 39 57 16 24 80 46 64 10 87 32 8 53 92 35 58 77 13 4 20 50 69 96 38 62 99 53 71 46 24
12 34 78 67 56 23 45 89 43 90 1 28 61 73 84 38 52 15 7 29 47 81 19 63 36 54 72 9 25 66 3 48 91 40 57 14 83 31 76 22 41 95 18 59 86 33 70 6 79 27 44 68 5 93 37 11 55 82 65 26 49 2 88 42 60 30 17 85 21 75 94 39 57 16 80 24 46 64 10 87 32 53 8 92 35 58 13 77 4 50 20 69 96 38 62 99 71 53 24 46
78 67 89 23 45 12 56 34 90 43 1 61 73 28 84 52 38 7 15 29 36 47 19 81 63 54 9 72 25 66 3 48 91 40 14 57 83 31 76 22 95 41 59 86 18 33 70 6 79 44 27 5 68 93 37 55 11 82 26 65 49 2 88 42 60 17 85 30 21 75 94 39 16 57 24 80 46 64 10 87 32 53 8 92 35 13 58 77 20 4 50 69 96 38 62 99 71 53 46 24
56 12 45 67 78 89 23 34 90 1 43 61 28 73 52 84 38 15 7 29 47 81 63 19 36 54 72 25 9 66 48 3 91 40 57 14 83 76 31 22 95 41 86 18 59 33 70 6 79 44 27 68 5 93 37 11 55 82 26 65 49 2 42 88 60 17 85 30 21 75 94 39 16 57 80 24 46 64 10 87 32 53 8 92 35 58 13 77 20 4 50 69 96 38 62 99 53 71 24 46
34 23 12 89 56 78 67 45 90 43 1 61 28 73 52 38 84 15 7 29 81 63 47 36 54 19 9 72 25 3 66 48 91 40 57 14 83 76 31 22 95 59 41 18 86 70 33 6 44 79 27 68 5 93 37 55 11 82 65 26 49 2 88 42 60 30 17 85 21 75 94 39 57 16 24 80 64 46 10 87 32 8 53 92 35 58 13 77 50 4 20 69 96 38 62 99 71 53 24 46
45 89 23 56 78 12 67 34 90 1 43 73 61 28 84 38 52 7 15 29 54 19 63 47 81 36 25 72 9 66 3 48 91 40 57 14 83 31 76 22 41 95 59 86 18 33 70 6 79 44 27 68 5 93 37 11 55 82 65 26 49 2 42 88 60 17 85 30 21 75 94 39 16 57 80 24 46 64 10 87 32 53 8 92 35 58 13 77 4 20 50 69 96 38 62 99 71 53 46 24
23 67 56 78 89 34 12 45 90 43 1 28 61 73 84 52 38 15 7 29 19 36 63 47 81 54 72 25 9 66 48 3 91 40 14 57 83 31 76 22 95 41 59 18 86 33 70 6 79 44 27 68 5 37 93 55 11 82 26 65 49 42 2 88 17 60 85 30 75 21 94 39 16 57 24 80 64 46 10 87 8 32 53 92 35 13 58 77 4 20 50 69 96 38 99 62 53 71 46 24
89 34 78 12 45 23 67 56 90 1 43 61 73 28 84 38 52 15 7 29 63 81 47 54 19 36 72 25 9 48 66 3 91 40 57 14 76 83 31 22 95 41 18 59 86 33 70 6 79 27 44 68 5 93 37 55 11 82 26 65 49 2 88 42 60 17 30 85 21 75 94 39 16 57 80 24 64 46 10 87 32 8 53 92 35 13 58 77 20 4 50 69 96 38 62 99 53 71 46 24
56 67 78 34 89 23 45 12 90 43 1 61 73 28 52 84 38 15 7 29 36 47 63 81 19 54 72 9 25 66 3 48 91 40 14 57 83 31 76 22 95 41 59 86 18 33 70 6 79 44 27 5 68 93 37 55 11 82 65 26 49 42 2 88 60 17 85 30 21 75 94 39 16 57 80 24 46 64 10 87 32 53 8 92 35 58 13 77 20 4 50 69 96 38 62 99 71 53 24 46
12 23 56 78 34 67 89 45 90 1 43 73 28 61 52 38 84 7 15 29 81 47 36 63 54 19 9 25 72 66 48 3 91 40 57 14 83 76 31 22 95 41 59 86 18 33 70 6 79 44 27 68 5 93 37 11 55 82 65 26 49 2 42 88 60 30 17 85 21 75 94 39 57 16 80 24 46 64 10 87 32 53 8 92 35 13 58 77 4 20 50 69 96 38 62 99 53 71 24 46
67 34 45 23 89 56 78 12 90 43 1 61 28 73 84 38 52 7 15 29 47 19 81 36 63 54 25 72 9 66 3 48 91 40 57 14 83 31 76 22 95 41 59 18 86 33 70 6 79 44 27 68 5 93 37 55 11 82 26 49 65 42 2 88 60 17 85 30 21 75 94 39 16 57 24 80 64 10 46 87 32 53 8 92 35 58 13 77 20 4 50 69 96 38 99 62 53 71 46 24
78 45 12 67 34 56 23 89 90 1 43 73 61 28 52 38 84 15 7 29 54 81 36 63 47 19 72 9 25 3 66 48 91 14 40 57 83 31 76 22 41 95 59 18 86 33 70 6 79 44 27 68 5 93 37 55 11 82 65 26 49 2 88 42 60 17 85 30 75 21 94 39 57 16 80 24 46 64 10 87 32 8 53 92 35 58 13 77 4 20 50 69 96 38 62 99 53 71 46 24

# Women's preferences (rank all 100 men)
34 67 2 89 45 23 78 56 1 90 43 61 28 73 15 38 52 7 84 29 47 63 19 36 81 54 9 72 25 48 66 3 91 40 57 14 83 31 76 22 95 41 59 18 86 33 70 6 79 27 44 68 5 93 37 55 11 82 26 49 65 2 88 42 60 17 85 30 75 21 94 39 57 16 80 24 46 64 10 87 32 53 8 92 35 58 13 77 20 50 69 4 96 38 62 99 53 71 46 24
78 21 54 3 47 92 15 69 38 84 27 61 6 73 19 44 88 33 57 10 75 29 63 42 86 18 52 97 24 68 13 37 81 26 60 5 79 22 56 11 95 30 74 48 7 41 85 16 50 64 2 91 36 72 17 43 87 32 66 20 53 98 31 76 9 45 89 28 62 40 83 14 58 4 77 25 49 93 34 70 8 46 90 35 59 13 99 51 80 23 55 1 67 39 71 96 42 65 18 82
56 11 84 39 72 25 60 7 93 41 76 30 65 18 53 6 88 43 77 21 98 47 14 69 32 57 90 3 26 71 44 8 83 37 62 15 50 4 79 22 67 35 51 96 10 45 86 33 68 17 52 97 24 59 13 38 81 29 74 27 63 2 91 40 75 19 54 9 85 31 70 48 5 80 23 46 87 16 55 1 66 20 95 42 64 28 73 11 49 61 34 58 92 36 78 100 47 82 53 71
89 44 23 67 12 56 78 34 90 1 43 73 61 28 15 52 38 84 29 7 63 47 19 81 36 54 72 25 9 66 48 3 91 40 57 14 83 31 22 76 95 41 59 18 86 70 33 6 79 44 68 5 37 93 55 11 26 82 49 65 2 42 88 60 17 85 30 21 75 94 39 16 57 24 80 46 10 64 87 32 8 53 92 35 13 58 77 20 4 50 69 96 38 62 99 53 71 46 24 27
12 45 89 34 67 23 56 78 90 1 28 61 73 43 38 7 52 84 15 29 36 81 54 19 63 47 25 72 9 48 3 66 40 91 57 14 76 83 31 22 41 95 18 59 86 33 70 6 27 79 5 68 44 37 93 11 55 82 26 65 49 2 60 88 42 17 85 30 75 21 94 16 39 57 80 24 46 64 10 87 32 53 8 35 92 13 58 77 20 50 4 69 96 38 62 99 53 71 46 24
67 89 34 12 23 45 78 56 90 43 1 61 28 73 52 15 38 84 7 29 81 63 47 36 54 19 25 72 9 66 3 48 91 14 57 40 83 76 31 22 95 59 41 18 86 70 33 6 44 79 68 5 93 37 55 11 82 26 49 65 2 42 88 60 17 85 30 75 21 39 94 16 57 80 24 46 64 10 87 32 8 53 92 35 58 13 77 20 50 69 4 96 38 62 99 53 71 46 24 27
23 56 78 12 45 89 34 67 1 90 61 28 43 73 7 15 38 52 84 29 47 63 36 19 54 81 72 25 9 66 48 3 91 40 57 31 14 83 76 22 41 95 59 18 86 33 70 6 79 27 5 68 44 93 37 55 11 82 26 65 49 2 42 88 60 17 30 85 75 21 94 39 16 57 24 80 46 64 10 87 32 53 8 92 35 13 58 77 4 20 50 69 96 38 62 99 53 71 46 24
45 12 89 23 56 78 34 67 43 90 1 73 28 61 52 38 15 84 7 29 63 81 47 54 19 36 72 25 9 48 3 66 91 40 57 14 76 83 31 22 95 41 59 86 18 70 33 6 44 79 68 27 5 93 37 11 55 82 26 65 49 88 2 42 60 17 85 30 75 21 39 94 16 57 80 24 10 46 64 87 32 53 8 92 35 58 13 77 20 4 50 69 96 38 62 99 53 71 46 24
90 1 34 67 89 45 23 78 56 12 43 61 73 28 15 38 52 84 7 29 36 47 63 19 81 54 72 25 9 66 48 3 91 40 57 83 14 76 31 22 95 41 59 18 86 33 70 6 79 27 68 44 5 93 37 55 11 82 49 26 65 42 2 88 60 17 85 30 75 94 21 39 16 57 80 24 64 46 10 87 32 8 53 92 35 58 13 77 20 50 4 69 96 38 62 99 53 71 46 24
78 34 12 67 56 23 45 89 90 43 1 28 73 61 38 52 7 84 15 29 81 63 47 36 54 19 72 9 25 3 66 48 91 14 57 40 83 31 76 22 41 95 59 18 86 70 33 6 27 79 44 5 68 93 11 37 55 82 65 26 49 2 88 42 60 17 30 85 21 75 94 39 16 57 24 80 46 10 64 87 8 32 53 92 35 13 58 77 20 4 50 69 96 38 62 99 53 71 24 46
61 73 28 43 89 34 67 12 56 78 1 90 23 45 84 52 38 15 7 29 54 19 81 63 47 36 72 25 9 66 48 3 91 40 83 57 14 76 31 22 95 59 41 18 86 33 70 44 6 79 27 5 68 37 93 55 11 82 65 26 49 42 2 88 60 17 85 30 75 21 94 39 16 57 80 24 64 46 10 32 87 53 8 92 35 58 13 77 50 20 4 69 96 38 62 99 71 53 46 24
28 73 61 43 12 45 89 67 34 56 78 1 90 23 84 15 38 52 7 29 19 47 63 36 81 54 72 9 25 66 48 3 14 91 57 40 83 31 76 22 59 95 41 18 86 70 33 44 6 79 5 27 68 37 93 11 55 82 49 26 65 88 2 42 60 17 30 85 21 75 94 39 57 16 24 80 46 64 10 87 8 32 53 35 92 58 13 77 20 4 50 69 38 96 62 99 53 71 24 46
56 78 34 23 12 67 45 89 90 43 1 28 73 61 52 38 84 15 7 29 47 36 81 63 54 19 72 9 25 3 48 66 91 40 14 57 83 31 76 22 41 95 18 59 86 33 70 6 79 27 44 68 5 93 55 37 11 82 26 49 65 2 88 42 17 60 85 30 21 75 94 39 16 57 80 24 46 10 64 87 32 53 8 92 13 35 58 77 4 20 50 69 96 62 38 99 53 46 71 24
89 23 45 67 34 78 56 12 90 43 1 61 28 73 38 15 52 84 7 29 63 81 36 47 54 19 25 72 9 48 3 66 40 91 57 14 76 83 31 41 22 95 59 18 86 33 44 70 6 79 27 68 5 93 37 55 82 11 26 65 49 2 42 88 60 30 17 85 75 21 94 39 57 16 80 24 64 46 10 87 32 8 53 92 35 58 13 20 77 50 4 69 38 96 62 99 53 71 24 46
45 67 12 78 56 34 23 89 1 90 43 73 28 61 7 52 38 15 84 29 81 19 47 63 54 36 72 25 9 66 3 48 91 40 57 76 14 83 31 22 95 41 59 86 18 33 70 6 27 79 44 5 68 93 11 37 55 82 49 26 65 2 88 42 60 17 85 75 30 21 94 39 16 57 80 24 64 10 46 87 32 53 92 8 35 13 58 77 4 20 50 69 96 38 62 99 71 53 24 46
12 34 67 56 45 78 89 23 90 1 28 61 43 73 84 38 52 7 15 29 36 63 47 81 54 19 9 25 72 66 48 3 91 57 40 14 83 76 31 22 41 95 18 59 86 70 33 6 44 79 27 5 68 55 93 37 11 82 26 65 49 42 2 88 60 17 30 85 21 75 94 39 57 16 80 24 10 46 64 87 32 8 53 92 58 35 13 77 20 4 50 69 96 38 99 62 53 71 24 46
34 89 67 12 23 56 45 78 43 90 1 28 73 61 15 52 38 7 84 29 54 81 36 63 47 19 25 72 9 66 3 48 91 40 57 14 83 76 31 22 95 41 86 18 59 33 70 6 79 44 27 68 5 37 93 55 11 82 49 26 65 2 42 88 60 17 85 30 21 75 94 39 16 57 24 80 46 64 10 87 32 53 92 8 35 58 13 77 20 50 4 69 96 38 62 99 53 71 24 46
67 23 89 45 78 34 56 12 90 1 61 43 28 73 38 52 84 15 7 29 47 19 81 63 36 54 25 72 9 66 48 3 40 91 57 14 83 76 31 22 59 95 41 18 86 70 33 6 44 79 5 27 68 93 37 55 11 82 26 65 49 88 2 42 60 17 85 75 30 21 94 57 39 16 24 80 46 64 10 87 8 32 53 92 35 58 13 77 4 20 50 69 96 38 62 99 53 71 46 24
78 56 23 89 12 45 34 67 43 1 90 73 61 28 52 84 38 15 7 29 63 81 19 47 36 54 72 9 25 3 66 48 14 91 40 57 83 31 76 22 41 95 59 18 86 33 70 6 79 27 44 68 5 37 93 55 11 26 82 65 49 2 88 42 17 60 30 85 21 75 94 39 16 57 24 80 10 64 46 87 32 53 8 92 35 13 58 77 20 50 4 69 96 38 62 99 71 53 46 24
12 45 23 56 89 78 67 34 90 1 43 61 28 73 15 52 84 38 7 29 81 36 63 47 54 19 9 72 25 66 3 48 91 57 40 14 83 31 76 22 95 41 86 59 18 33 70 6 79 44 27 5 68 93 37 55 11 82 65 26 49 42 88 2 60 17 85 30 21 75 94 39 57 16 80 24 46 64 10 87 8 32 53 92 35 58 13 77 50 4 20 69 96 38 62 99 53 71 46 24
89 34 56 78 67 23 45 12 1 90 43 28 61 73 84 7 52 38 15 29 19 47 81 36 54 63 25 72 9 48 66 3 40 91 57 14 31 83 76 22 95 41 59 18 86 33 70 44 6 79 27 68 5 93 37 11 55 82 49 26 65 2 42 88 60 17 85 30 21 75 94 39 16 57 80 24 46 10 64 87 32 53 8 92 35 58 13 77 20 4 50 69 96 62 38 99 53 71 24 46
56 34 78 67 12 89 45 23 90 43 1 61 73 28 52 38 84 7 15 29 63 47 19 81 36 54 9 72 25 66 48 3 91 14 40 57 83 76 31 22 41 95 18 59 86 70 33 6 79 44 27 68 5 37 93 55 82 11 26 65 49 88 2 42 60 17 85 30 75 21 94 39 57 16 24 80 64 46 10 87 32 8 53 92 13 35 58 77 4 20 50 69 96 38 99 62 71 53 24 46
45 78 56 12 67 34 23 89 90 1 43 73 28 61 38 52 7 84 15 29 36 54 81 19 47 63 72 25 9 66 3 48 91 57 40 14 83 76 31 22 95 59 41 18 86 33 70 6 44 79 27 5 68 37 93 11 55 82 26 65 49 42 2 88 60 17 85 30 21 75 94 39 16 57 80 24 46 64 10 87 32 53 92 8 35 13 58 77 20 4 50 69 96 38 62 99 71 53 46 24
23 12 78 89 45 56 34 67 90 43 1 28 61 73 84 52 15 38 7 29 47 81 36 19 54 63 25 72 9 3 66 48 40 91 14 57 83 31 76 22 41 95 59 18 86 33 70 6 79 27 5 68 44 93 55 37 11 82 65 26 49 2 88 42 60 30 17 85 75 21 94 39 57 16 24 80 46 64 10 32 87 8 53 92 35 58 13 77 20 4 50 69 96 62 38 99 53 71 24 46
67 56 45 34 89 23 12 78 1 90 43 61 28 73 38 15 84 52 7 29 81 47 54 63 36 19 9 25 72 48 66 3 91 40 57 14 31 83 76 22 95 41 86 59 18 70 33 6 79 44 27 68 5 93 37 55 11 82 26 49 65 42 2 88 60 17 85 30 75 21 94 39 57 16 80 24 46 10 64 87 32 53 8 92 35 58 77 13 4 20 50 69 38 96 62 99 53 71 24 46
34 23 67 78 89 45 56 12 90 43 1 73 61 28 52 84 38 15 7 29 36 63 19 81 54 47 72 9 25 3 66 48 91 14 40 57 83 31 76 41 22 95 59 18 86 33 70 6 44 79 27 68 5 93 37 55 11 82 26 49 65 2 88 42 60 30 17 85 21 75 94 39 57 16 24 80 64 46 10 87 32 8 53 92 58 35 13 77 20 4 50 69 96 38 62 99 71 53 46 24
89 67 78 45 34 56 12 23 1 90 61 43 73 28 84 38 52 7 15 29 19 36 47 81 54 63 72 25 9 66 3 48 14 91 40 57 83 76 31 22 95 41 59 86 18 70 33 6 79 27 44 5 68 93 37 55 11 82 49 26 65 2 88 42 17 60 85 30 75 21 94 57 39 16 80 24 46 64 10 87 32 53 8 92 35 13 58 77 20 4 50 69 96 38 62 99 53 71 46 24
12 56 89 23 67 34 78 45 43 90 1 28 73 61 52 38 7 84 15 29 81 36 47 63 54 19 9 72 25 66 48 3 91 40 14 57 83 76 31 22 41 95 59 18 86 33 70 6 79 27 44 68 5 93 37 55 11 82 26 65 49 42 2 88 60 17 30 85 21 75 94 39 57 16 80 24 10 46 64 87 32 53 8 92 35 13 58 77 20 50 4 69 96 38 62 99 71 53 24 46
78 45 34 23 67 89 12 56 90 1 43 28 61 73 84 52 38 15 7 29 63 54 81 47 36 19 25 9 72 66 3 48 91 57 40 14 31 83 76 22 95 41 59 86 18 33 70 6 44 79 68 27 5 37 93 55 11 82 26 65 49 88 2 42 17 60 85 30 75 21 94 39 57 16 80 24 46 64 10 87 53 32 8 92 35 58 13 77 4 20 50 69 96 38 99 62 71 53 24 46
56 67 23 45 34 78 89 12 90 43 1 73 61 28 38 52 84 7 15 29 47 36 19 81 63 54 72 25 9 3 66 48 91 14 40 57 83 31 76 22 95 59 41 18 86 70 33 6 79 44 27 5 68 93 37 11 55 82 26 65 49 2 42 88 60 17 85 30 21 75 94 39 16 57 24 80 46 64 10 87 32 53 92 8 58 35 13 77 4 20 50 69 96 38 62 99 53 71 46 24
45 23 34 56 12 67 78 89 1 90 28 61 43 73 52 84 38 7 15 29 81 54 36 63 47 19 72 9 25 48 66 3 91 40 57 14 76 83 31 22 41 95 18 59 86 33 70 6 27 79 5 44 68 93 37 55 11 26 82 65 49 2 88 42 60 30 17 85 21 75 94 39 16 57 80 24 64 46 10 87 32 53 8 35 92 13 58 77 50 4 20 69 96 38 62 99 53 71 24 46
67 78 12 34 23 89 56 45 43 90 1 61 73 28 84 52 15 38 7 29 36 19 47 81 54 63 9 72 25 3 66 48 91 40 14 57 83 31 76 22 95 59 41 18 86 33 44 70 6 79 68 27 5 93 37 55 82 11 26 65 49 2 88 42 60 17 85 30 21 75 94 39 57 16 24 80 46 64 10 87 8 32 53 92 35 58 13 77 20 4 50 69 38 96 62 99 53 71 24 46
89 45 78 56 23 67 34 12 90 43 1 28 61 73 38 7 84 52 15 29 63 47 81 54 36 19 72 25 9 66 3 48 91 40 57 14 83 76 31 22 59 95 41 18 86 33 70 6 79 44 27 5 68 37 93 55 11 82 65 26 49 42 2 88 60 30 17 85 75 21 94 39 16 57 80 24 46 10 64 87 32 53 92 8 13 35 58 77 20 4 50 69 96 38 99 62 53 71 24 46
23 34 56 89 67 78 45 12 90 1 43 61 73 28 84 38 52 15 7 29 36 19 81 54 63 47 25 72 9 66 48 3 91 14 40 57 76 83 31 22 95 41 59 86 18 70 33 6 79 44 27 68 5 93 11 37 55 82 26 65 49 2 88 42 60 17 85 21 30 75 94 39 16 57 24 80 46 64 10 87 32 8 53 92 35 58 13 77 4 20 50 69 96 38 99 62 71 53 46 24
12 78 45 67 56 34 23 89 90 1 43 61 28 73 52 84 38 7 15 29 47 63 81 36 54 19 72 25 9 66 48 3 91 40 14 57 83 31 76 22 41 95 59 18 86 33 70 44 6 79 27 68 5 37 93 55 11 82 65 26 49 88 2 42 60 17 30 85 21 75 94 39 57 16 80 24 64 46 10 87 8 32 53 92 35 13 58 77 4 20 50 69 96 38 62 99 71 53 24 46
56 89 12 34 78 67 23 45 43 90 1 73 61 28 38 84 52 15 7 29 81 54 47 36 63 19 9 72 25 48 66 3 40 91 14 57 83 76 31 22 95 41 59 86 18 33 70 6 79 44 27 68 5 93 37 55 82 11 26 65 49 2 42 88 60 17 85 30 75 21 94 39 57 16 80 24 46 10 64 87 32 8 53 92 58 35 13 77 4 20 50 69 96 38 62 99 53 71 24 46
34 67 89 78 56 12 45 23 90 43 1 28 61 73 84 52 38 15 7 29 54 81 63 36 47 19 72 9 25 3 66 48 91 40 57 14 83 31 76 22 41 95 59 18 86 70 33 6 79 44 27 5 68 93 55 37 11 82 65 26 49 2 88 42 17 60 85 30 21 75 94 39 57 16 24 80 46 64 10 87 53 32 8 92 35 58 13 77 20 50 4 69 38 96 62 99 53 71 46 24
45 56 67 78 89 23 12 34 1 90 43 61 28 73 52 38 84 15 7 29 19 81 47 63 54 36 25 72 9 66 3 48 91 40 57 14 83 76 31 22 95 41 86 18 59 33 70 6 44 79 27 68 5 93 37 11 55 82 26 65 49 42 2 88 60 17 85 30 75 21 94 39 16 57 80 24 46 10 64 87 32 53 92 8 35 13 58 77 20 4 50 69 96 38 62 99 71 53 24 46
78 23 56 89 12 45 67 34 90 43 1 61 73 28 84 7 52 38 15 29 63 36 47 19 81 54 72 25 9 66 48 3 91 14 40 57 83 31 76 22 41 95 18 59 86 33 70 6 79 44 27 5 68 93 37 55 11 82 26 49 65 2 88 42 60 30 17 85 21 75 94 39 57 16 80 24 46 64 10 87 32 8 53 92 35 58 77 13 4 20 50 69 96 38 62 99 53 71 46 24
67 12 34 23 45 78 56 89 90 1 43 28 73 61 38 52 84 7 15 29 81 19 54 63 47 36 9 72 25 48 66 3 91 40 57 14 76 83 31 22 95 41 59 18 86 33 70 6 79 27 5 68 44 93 37 55 11 82 65 26 49 42 88 2 60 17 85 30 21 75 94 39 16 57 24 80 46 64 10 87 32 53 8 92 35 13 58 77 20 4 50 69 96 38 62 99 53 71 46 24
89 78 67 56 45 34 23 12 90 43 1 61 28 73 84 52 38 15 7 29 36 47 81 19 63 54 72 25 9 66 3 48 91 40 14 57 83 31 76 22 95 41 59 86 18 33 70 6 79 27 44 68 5 93 37 55 11 82 26 49 65 2 88 42 60 30 17 85 75 21 94 39 57 16 80 24 46 64 10 87 32 53 8 92 35 58 13 77 4 20 50 69 96 38 99 62 71 53 46 24
23 45 78 12 56 67 34 89 1 90 28 43 61 73 52 84 15 38 7 29 81 54 36 63 47 19 9 72 25 66 3 48 91 40 14 57 76 83 31 22 41 95 86 59 18 70 33 6 44 79 27 5 68 93 55 37 11 82 26 65 49 42 2 88 60 17 30 85 21 75 94 39 16 57 24 80 46 64 10 87 32 53 8 92 35 58 13 77 20 50 4 69 96 38 62 99 53 71 24 46
56 34 89 12 67 23 78 45 90 1 43 73 28 61 84 38 52 7 15 29 47 19 36 81 54 63 25 72 9 3 66 48 91 14 40 57 83 31 76 22 95 59 41 18 86 33 70 6 79 44 27 5 68 37 93 55 11 82 26 49 65 2 88 42 17 60 85 30 75 21 94 39 16 57 80 24 64 10 46 87 32 53 8 92 35 58 13 77 50 4 20 69 96 38 62 99 71 53 46 24
45 67 56 89 78 34 12 23 43 90 1 61 73 28 52 38 84 7 15 29 63 81 36 47 54 19 72 9 25 66 48 3 91 40 57 14 83 76 31 22 41 95 59 18 86 70 33 6 44 79 27 68 5 93 37 11 55 82 65 26 49 88 2 42 60 30 17 85 21 75 94 39 57 16 24 80 46 64 10 87 32 53 8 35 92 13 58 77 4 20 50 69 96 62 38 99 71 53 24 46
12 23 45 56 89 78 34 67 90 1 43 61 73 28 84 38 52 15 7 29 54 81 36 47 19 63 72 25 9 66 48 3 91 40 14 57 83 31 76 22 95 41 59 86 18 33 70 6 79 27 44 5 68 93 37 55 11 82 65 26 49 2 88 42 60 17 85 30 21 75 94 39 16 57 24 80 46 64 10 87 32 53 92 8 35 58 13 77 4 50 20 69 96 38 62 99 53 71 46 24
78 67 56 45 34 23 89 12 90 43 1 28 61 73 52 38 84 15 7 29 36 19 81 47 63 54 72 25 9 66 3 48 91 40 14 57 76 83 31 22 95 41 59 18 86 70 33 6 79 44 68 27 5 37 93 55 11 82 26 49 65 2 42 88 60 17 85 30 75 21 94 39 16 57 80 24 64 10 46 87 32 8 53 92 35 58 13 77 20 4 50 69 96 38 62 99 71 53 46 24
34 56 78 67 23 89 12 45 1 90 43 61 28 73 84 52 38 15 7 29 47 36 63 81 54 19 72 9 25 66 48 3 14 91 57 40 83 76 31 22 41 95 59 18 86 33 70 6 44 79 27 5 68 93 37 11 55 82 49 26 65 42 2 88 60 30 17 85 21 75 94 39 16 57 80 24 46 10 64 87 32 53 8 92 35 13 58 77 50 4 20 69 96 38 62 99 53 71 24 46
89 12 45 67 78 23 56 34 90 43 1 73 28 61 38 84 52 15 7 29 81 63 47 36 54 19 25 9 72 66 48 3 91 40 14 57 83 31 76 22 95 41 59 18 86 33 70 6 79 44 27 68 5 93 55 37 11 82 26 65 49 2 42 88 60 17 85 30 75 94 21 39 16 57 80 24 46 64 10 87 32 8 53 92 35 58 13 77 20 4 50 69 96 38 62 99 71 53 46 24
67 34 23 56 12 89 78 45 90 1 43 28 61 73 84 38 52 7 15 29 19 47 36 81 63 54 72 9 25 66 3 48 91 14 40 57 83 31 76 22 95 41 86 59 18 70 33 6 79 44 27 5 68 93 37 55 82 11 49 26 65 2 88 42 60 30 17 85 21 75 94 39 16 57 24 80 64 46 10 87 32 53 8 92 58 35 13 77 4 20 50 69 96 38 62 99 71 53 24 46
56 78 89 45 23 67 12 34 43 90 1 61 28 73 52 38 84 7 15 29 36 63 47 81 54 19 72 25 9 3 66 48 91 40 14 57 83 31 76 22 95 59 41 18 86 33 70 6 79 44 27 5 68 93 37 55 11 82 65 26 49 2 88 42 60 17 85 30 75 21 94 39 16 57 80 24 46 64 10 87 32 53 92 8 35 13 58 77 20 50 4 69 96 38 99 62 53 71 46 24
45 89 67 34 56 12 78 23 90 1 43 61 73 28 84 52 15 38 7 29 54 47 19 81 36 63 25 9 72 66 3 48 91 40 57 14 83 76 31 22 41 95 18 59 86 33 70 6 79 27 44 68 5 93 37 11 55 82 49 26 65 42 2 88 17 60 85 30 21 75 94 39 57 16 80 24 46 64 10 87 32 53 8 92 35 58 13 77 4 20 50 69 96 38 62 99 53 71 24 46
23 78 12 45 67 34 89 56 90 43 1 73 61 28 38 52 84 7 15 29 81 63 36 47 54 19 72 9 25 66 48 3 91 14 40 57 83 76 31 22 95 41 59 18 86 33 70 6 44 79 27 5 68 93 37 55 11 82 26 65 49 2 88 42 17 60 85 30 21 75 94 39 16 57 24 80 64 46 10 87 32 8 53 92 35 58 13 77 50 4 20 69 96 38 99 62 71 53 24 46
34 45 12 23 67 56 89 78 43 90 1 28 61 73 84 38 52 15 7 29 47 36 19 81 63 54 72 25 9 66 48 3 91 40 14 57 83 76 31 22 95 41 59 86 18 70 33 6 79 44 27 68 5 93 37 55 11 82 26 49 65 2 88 42 60 30 17 85 75 21 94 39 57 16 80 24 46 64 10 87 8 32 53 92 35 13 58 77 4 20 50 69 96 38 62 99 71 53 24 46
12 67 34 89 45 78 23 56 90 1 43 61 28 73 52 38 84 15 7 29 81 36 63 19 47 54 9 25 72 66 3 48 91 40 57 14 76 83 31 22 95 41 59 18 86 33 70 6 79 44 27 68 5 93 55 37 11 82 65 26 49 42 88 2 60 17 85 30 21 75 94 39 16 57 24 80 10 46 64 87 32 8 53 92 35 58 13 77 4 20 50 69 96 38 62 99 71 53 24 46
78 56 34 23 67 89 45 12 90 43 1 61 73 28 84 52 38 15 7 29 19 47 81 63 36 54 72 25 9 3 66 48 91 40 57 14 83 31 76 22 41 95 59 18 86 70 33 6 79 44 27 68 5 37 93 55 11 82 65 26 49 2 42 88 60 30 17 85 21 75 94 39 57 16 80 24 64 46 10 87 32 53 8 92 35 13 58 77 20 4 50 69 96 62 38 99 53 71 24 46
67 45 78 89 56 34 12 23 1 90 43 61 28 73 52 38 84 7 15 29 63 81 47 54 36 19 72 9 25 48 66 3 91 40 14 57 83 31 76 22 95 41 59 86 18 33 70 6 79 44 27 5 68 93 37 11 55 82 49 26 65 2 88 42 17 60 85 30 21 75 94 39 57 16 80 24 46 10 64 87 32 53 8 92 35 58 77 13 4 20 50 69 96 38 62 99 53 71 24 46
89 23 56 67 34 78 12 45 90 43 1 73 28 61 38 52 84 15 7 29 54 19 47 81 36 63 25 72 9 66 3 48 91 40 57 14 83 31 76 22 95 41 59 18 86 33 70 6 79 27 44 68 5 93 37 55 11 82 65 26 49 2 42 88 60 17 85 30 75 21 94 39 57 16 24 80 46 64 10 87 32 8 53 92 35 58 13 77 20 4 50 69 96 38 62 99 53 71 24 46
45 34 23 78 56 67 89 12 90 1 43 61 73 28 84 52 38 15 7 29 81 47 63 36 54 19 72 9 25 66 3 48 91 14 40 57 83 76 31 22 95 41 18 59 86 33 70 6 79 44 27 68 5 93 37 55 11 82 26 65 49 42 2 88 60 17 85 30 21 75 94 39 16 57 24 80 46 64 10 87 32 53 92 8 35 13 58 77 4 20 50 69 96 38 62 99 71 53 24 46
12 78 67 56 89 45 34 23 43 90 1 28 61 73 52 38 84 7 15 29 36 19 47 81 63 54 9 72 25 66 48 3 91 40 57 14 83 76 31 22 41 95 59 18 86 33 70 6 44 79 27 5 68 93 37 11 55 82 26 65 49 2 88 42 60 30 17 85 21 75 94 39 57 16 80 24 46 64 10 87 32 53 8 92 35 58 13 77 50 4 20 69 96 38 62 99 53 71 46 24
23 89 78 56 67 45 34 12 90 1 43 73 61 28 84 52 38 15 7 29 81 47 63 54 36 19 72 9 25 66 48 3 14 91 57 40 83 31 76 22 41 95 59 86 18 33 70 6 79 27 44 5 68 93 37 55 11 82 26 65 49 2 88 42 60 30 17 85 21 75 94 39 16 57 80 24 46 64 10 87 32 53 8 92 35 58 13 77 4 20 50 69 96 38 62 99 53 71 24 46
67 12 89 78 56 45 34 23 90 43 1 61 28 73 38 84 52 15 7 29 19 36 81 47 63 54 25 72 9 66 3 48 91 40 57 14 83 31 76 22 95 59 41 18 86 33 70 6 79 44 27 68 5 93 37 55 11 82 65 26 49 2 88 42 60 17 85 30 21 75 94 39 16 57 24 80 10 46 64 87 32 8 53 92 35 58 13 77 4 20 50 69 96 38 99 62 53 71 24 46
56 45 23 34 67 89 78 12 90 1 43 73 61 28 84 38 52 7 15 29 63 81 36 47 54 19 72 25 9 66 48 3 91 40 14 57 83 76 31 22 41 95 18 59 86 70 33 6 44 79 27 68 5 93 55 37 11 82 26 65 49 42 2 88 60 17 85 30 75 21 94 39 57 16 80 24 46 10 64 87 32 53 8 92 58 35 13 77 20 4 50 69 96 38 62 99 71 53 46 24
89 56 45 78 23 34 67 12 90 43 1 28 61 73 84 38 52 7 15 29 47 81 36 63 54 19 9 25 72 66 3 48 91 14 40 57 83 31 76 22 95 41 59 18 86 33 70 6 79 44 27 68 5 37 93 55 11 82 26 65 49 2 88 42 17 60 85 30 75 21 94 39 16 57 80 24 46 64 10 87 32 53 8 92 35 13 58 77 4 20 50 69 96 38 62 99 53 71 24 46
34 78 56 45 12 67 23 89 90 1 43 61 73 28 52 38 84 15 7 29 54 36 19 47 81 63 72 25 9 66 3 48 91 40 57 14 83 31 76 22 95 41 18 59 86 33 70 6 79 44 27 5 68 93 55 37 11 82 65 26 49 2 42 88 60 30 17 85 21 75 94 39 57 16 80 24 64 46 10 87 32 8 53 92 35 58 13 77 20 50 4 69 96 38 62 99 71 53 24 46
12 89 56 78 45 67 23 34 43 90 1 28 73 61 38 52 84 7 15 29 81 63 47 36 54 19 72 25 9 66 48 3 91 40 14 57 83 76 31 22 95 41 59 86 18 33 70 6 44 79 27 68 5 93 37 11 55 82 26 49 65 42 2 88 60 17 85 30 21 75 94 39 57 16 80 24 46 64 10 87 32 53 8 92 35 58 13 77 4 50 20 69 96 38 99 62 53 71 46 24
67 56 45 34 23 89 78 12 90 1 43 73 61 28 52 84 38 15 7 29 47 81 36 63 54 19 72 9 25 66 3 48 91 14 40 57 83 31 76 22 41 95 59 18 86 70 33 6 79 44 27 68 5 93 37 55 11 82 65 26 49 2 88 42 60 17 85 30 75 21 94 39 16 57 80 24 46 64 10 87 32 8 53 92 35 58 13 77 20 4 50 69 96 38 62 99 71 53 46 24
23 34 89 45 56 78 67 12 90 43 1 61 28 73 38 84 52 15 7 29 19 63 36 81 47 54 72 25 9 3 66 48 91 40 14 57 83 76 31 22 95 41 59 86 18 33 70 6 79 44 27 5 68 93 37 55 11 82 65 26 49 2 88 42 60 30 17 85 21 75 94 39 57 16 24 80 46 64 10 87 32 53 8 92 35 13 58 77 4 20 50 69 96 38 62 99 53 71 46 24
78 89 34 12 45 67 23 56 90 43 1 61 73 28 84 52 38 7 15 29 36 54 47 19 81 63 72 9 25 3 66 48 91 40 57 14 83 31 76 22 95 59 41 18 86 33 70 6 79 27 44 68 5 93 37 55 11 82 65 26 49 2 42 88 60 17 85 30 21 75 94 39 16 57 80 24 64 46 10 87 8 32 53 92 35 58 13 77 4 20 50 69 96 38 99 62 71 53 24 46
45 12 78 23 56 89 34 67 90 43 1 28 61 73 52 38 84 7 15 29 63 81 47 54 36 19 72 9 25 3 66 48 91 40 57 14 83 76 31 22 95 41 59 86 18 33 70 6 44 79 27 68 5 93 37 11 55 82 49 26 65 2 42 88 60 30 17 85 21 75 94 39 16 57 80 24 46 64 10 87 32 53 8 92 35 58 13 77 4 20 50 69 96 38 62 99 53 71 46 24
56 23 67 89 78 34 45 12 1 90 43 61 28 73 84 52 38 15 7 29 36 47 81 19 54 63 25 72 9 66 48 3 91 14 40 57 83 31 76 22 95 41 59 18 86 33 70 6 79 44 27 68 5 93 37 55 11 82 26 65 49 42 2 88 60 17 85 30 21 75 94 39 16 57 24 80 64 46 10 87 32 53 8 92 35 13 58 77 4 20 50 69 96 38 62 99 71 53 24 46
89 45 34 12 78 67 56 23 90 43 1 73 28 61 38 84 52 7 15 29 81 54 47 63 36 19 25 72 9 48 66 3 91 40 57 14 83 31 76 22 41 95 18 59 86 33 70 6 79 44 27 5 68 93 37 55 11 82 65 26 49 88 2 42 60 17 85 30 21 75 94 39 16 57 80 24 46 64 10 87 32 53 92 8 35 58 13 77 4 20 50 69 96 38 99 62 53 71 24 46
67 78 23 45 12 56 34 89 90 1 43 61 73 28 52 84 38 7 15 29 63 47 81 36 54 19 72 25 9 3 66 48 91 40 14 57 83 31 76 22 95 41 59 86 18 70 33 6 79 44 27 5 68 93 37 55 11 82 65 26 49 42 2 88 60 30 17 85 21 75 94 39 57 16 24 80 46 64 10 87 32 8 53 92 35 58 77 13 4 20 50 69 96 38 62 99 53 71 46 24
12 34 78 67 56 23 45 89 43 90 1 28 61 73 84 38 52 15 7 29 47 81 19 63 36 54 72 9 25 66 3 48 91 40 57 14 83 31 76 22 41 95 18 59 86 33 70 6 79 27 44 68 5 93 37 11 55 82 65 26 49 2 88 42 60 30 17 85 21 75 94 39 57 16 80 24 46 64 10 87 32 53 8 92 35 58 13 77 4 50 20 69 96 38 62 99 71 53 24 46
78 67 89 23 45 12 56 34 90 43 1 61 73 28 84 52 38 7 15 29 36 47 19 81 63 54 9 72 25 66 3 48 91 40 14 57 83 31 76 22 95 41 59 86 18 33 70 6 79 44 27 5 68 93 37 55 11 82 26 65 49 2 88 42 60 17 85 30 21 75 94 39 16 57 24 80 46 64 10 87 32 53 8 92 35 13 58 77 20 4 50 69 96 38 62 99 71 53 46 24
56 12 45 67 78 89 23 34 90 1 43 61 28 73 52 84 38 15 7 29 47 81 63 19 36 54 72 25 9 66 48 3 91 40 57 14 83 76 31 22 95 41 86 18 59 33 70 6 79 44 27 68 5 93 37 11 55 82 26 65 49 2 42 88 60 17 85 30 21 75 94 39 16 57 80 24 46 64 10 87 32 53 8 92 35 58 13 77 20 4 50 69 96 38 62 99 53 71 24 46
34 23 12 89 56 78 67 45 90 43 1 61 28 73 52 38 84 15 7 29 81 63 47 36 54 19 9 72 25 3 66 48 91 40 57 14 83 76 31 22 95 59 41 18 86 70 33 6 44 79 27 68 5 93 37 55 11 82 65 26 49 2 88 42 60 30 17 85 21 75 94 39 57 16 24 80 64 46 10 87 32 8 53 92 35 58 13 77 50 4 20 69 96 38 62 99 71 53 24 46
45 89 23 56 78 12 67 34 90 1 43 73 61 28 84 38 52 7 15 29 54 19 63 47 81 36 25 72 9 66 3 48 91 40 57 14 83 31 76 22 41 95 59 86 18 33 70 6 79 44 27 68 5 93 37 11 55 82 65 26 49 2 42 88 60 17 85 30 21 75 94 39 16 57 80 24 46 64 10 87 32 53 8 92 35 58 13 77 4 20 50 69 96 38 62 99 71 53 46 24
23 67 56 78 89 34 12 45 90 43 1 28 61 73 84 52 38 15 7 29 19 36 63 47 81 54 72 25 9 66 48 3 91 40 14 57 83 31 76 22 95 41 59 18 86 33 70 6 79 44 27 68 5 37 93 55 11 82 26 65 49 42 2 88 17 60 85 30 75 21 94 39 16 57 24 80 64 46 10 87 8 32 53 92 35 13 58 77 4 20 50 69 96 38 99 62 53 71 46 24
89 34 78 12 45 23 67 56 90 1 43 61 73 28 84 38 52 15 7 29 63 81 47 54 19 36 72 25 9 48 66 3 91 40 57 14 76 83 31 22 95 41 18 59 86 33 70 6 79 27 44 68 5 93 37 55 11 82 26 65 49 2 88 42 60 17 30 85 21 75 94 39 16 57 80 24 64 46 10 87 32 8 53 92 35 13 58 77 20 4 50 69 96 38 62 99 53 71 46 24
56 67 78 34 89 23 45 12 90 43 1 61 73 28 52 84 38 15 7 29 36 47 63 81 19 54 72 9 25 66 3 48 91 40 14 57 83 31 76 22 95 41 59 86 18 33 70 6 79 44 27 5 68 93 37 55 11 82 65 26 49 42 2 88 60 17 85 30 21 75 94 39 16 57 80 24 46 64 10 87 32 53 8 92 35 58 13 77 20 4 50 69 96 38 62 99 71 53 24 46
12 23 56 78 34 67 89 45 90 1 43 73 28 61 52 38 84 7 15 29 81 47 36 63 54 19 9 25 72 66 48 3 91 40 57 14 83 76 31 22 95 41 59 86 18 33 70 6 79 44 27 68 5 93 37 11 55 82 65 26 49 2 42 88 60 30 17 85 21 75 94 39 57 16 80 24 46 64 10 87 32 53 8 92 35 13 58 77 4 20 50 69 96 38 62 99 53 71 24 46
67 34 45 23 89 56 78 12 90 43 1 61 28 73 84 38 52 7 15 29 47 19 81 36 63 54 25 72 9 66 3 48 91 40 57 14 83 31 76 22 95 41 59 18 86 33 70 6 79 44 27 68 5 93 37 55 11 82 26 49 65 42 2 88 60 17 85 30 21 75 94 39 16 57 24 80 64 10 46 87 32 53 8 92 35 58 13 77 20 4 50 69 96 38 99 62 53 71 46 24
78 45 12 67 34 56 23 89 90 1 43 73 61 28 52 38 84 15 7 29 54 81 36 63 47 19 72 9 25 3 66 48 91 14 40 57 83 31 76 22 41 95 59 18 86 33 70 6 79 44 27 68 5 93 37 55 11 82 65 26 49 2 88 42 60 17 85 30 75 21 94 39 57 16 80 24 46 64 10 87 32 8 53 92 35 58 13 77 4 20 50 69 96 38 62 99 53 71 46 24