50 50

# Men's preferences
34 12 47 3 28 19 41 7 22 50 15 38 6 29 44 11 33 2 48 17 40 9 25 36 1 46 13 31 20 43 8 27 39 5 24 16 42 10 30 45 18 35 4 23 37 14 49 26 32 21
22 48 5 31 14 39 27 8 43 17 50 3 36 11 44 19 30 7 25 40 13 46 2 33 18 41 9 28 47 6 23 38 15 42 1 26 35 12 49 20 37 4 29 16 45 24 10 32 21 44
45 7 28 13 38 2 49 21 34 16 41 6 30 47 11 36 22 43 8 25 40 3 18 33 50 14 29 46 5 20 37 12 27 44 9 24 39 1 16 31 48 10 23 35 4 19 42 26 15 32
17 39 4 26 48 11 33 20 45 8 31 14 43 2 27 50 15 38 7 22 47 10 29 42 5 24 37 12 35 18 49 3 28 41 16 30 9 44 23 36 1 46 13 40 21 6 25 32 19 34
50 23 8 41 16 34 3 29 46 12 27 44 7 38 21 49 5 30 17 42 11 28 45 2 19 36 13 40 25 48 6 33 20 43 9 26 35 1 47 14 31 22 39 18 4 37 24 15 10 32
38 11 44 2 29 47 15 33 6 21 48 9 24 41 16 36 3 27 50 13 30 45 8 22 39 5 19 42 17 34 1 26 43 10 28 49 7 32 20 37 14 25 46 4 23 40 12 18 35 31
12 46 29 5 38 21 44 8 33 16 41 3 26 50 14 37 2 25 48 10 27 43 7 20 35 18 45 1 30 47 13 22 39 6 28 42 9 31 19 36 15 24 49 11 34 4 23 40 17 32
27 4 43 18 35 9 50 22 39 7 30 46 13 28 41 6 24 47 3 20 37 15 32 48 11 25 42 2 17 34 49 8 29 44 1 23 40 16 31 45 10 19 36 5 26 38 14 33 21 12
48 15 32 6 41 20 37 3 28 45 10 25 49 14 31 43 8 23 38 2 17 44 12 29 46 5 22 39 16 33 50 7 24 35 1 18 42 11 26 47 9 30 40 13 21 36 4 19 34 27
31 8 45 22 39 4 27 50 13 36 19 42 7 29 46 11 24 41 2 16 33 48 6 21 38 15 44 1 30 47 9 26 43 18 35 3 20 37 14 28 49 10 23 40 5 17 32 25 12 34
19 43 6 30 47 12 35 2 25 42 16 29 46 8 23 40 4 21 38 1 15 32 50 11 28 45 7 22 39 17 34 48 10 27 44 3 18 37 14 26 49 5 20 33 9 24 41 13 31 36
42 9 27 46 14 31 48 4 21 38 2 17 35 6 23 50 10 29 44 13 28 45 1 18 39 7 24 41 16 33 3 22 49 11 26 43 8 19 36 15 30 47 5 20 37 12 25 34 40 32
5 36 20 47 13 30 43 9 24 41 18 35 2 28 45 11 26 38 7 22 49 3 16 33 50 14 29 42 8 25 40 1 17 34 12 27 44 6 21 48 10 23 15 32 19 37 4 46 31 39
29 46 12 35 3 22 40 6 19 44 8 25 48 15 32 1 38 16 31 43 10 27 50 5 20 37 13 28 45 9 24 41 2 18 33 47 7 30 42 17 34 11 26 49 4 21 36 14 23 39
44 11 28 45 2 19 36 14 31 48 7 22 39 4 27 50 13 30 41 8 25 42 17 34 3 20 47 10 23 38 6 29 46 15 32 1 18 35 16 33 12 26 43 9 21 40 5 24 37 49
7 33 20 47 14 29 42 5 22 39 16 31 48 10 25 44 1 28 45 11 26 43 3 18 35 50 13 30 40 8 23 37 6 21 46 15 32 2 17 34 12 27 49 4 19 36 9 24 41 38
40 6 23 44 17 34 2 28 45 12 29 46 8 21 38 15 32 49 7 24 41 1 18 35 10 27 50 14 31 48 5 22 39 3 20 37 16 33 11 26 43 9 30 47 4 19 36 13 25 42
23 47 10 31 48 6 21 40 15 32 49 3 20 37 13 28 45 9 26 43 2 17 34 1 18 35 16 33 44 8 25 42 7 22 39 14 29 46 5 19 36 11 30 50 4 24 41 12 27 38
14 38 5 29 46 11 28 43 7 22 41 4 17 34 1 24 47 13 30 50 9 26 42 16 33 3 20 39 18 35 48 8 23 40 6 21 44 2 15 32 10 27 45 19 36 25 12 49 31 37
37 4 21 44 8 25 48 14 31 2 19 42 6 23 40 17 34 46 11 28 45 3 18 33 15 32 50 10 27 49 7 22 39 5 20 35 13 30 47 1 16 36 9 26 43 12 24 41 29 38
26 50 13 30 43 8 25 44 1 18 35 16 33 48 6 21 38 14 29 46 11 28 45 3 20 37 10 27 49 5 22 39 2 17 34 15 32 47 9 24 41 7 19 36 12 23 40 4 31 42
13 37 24 41 5 22 45 9 26 43 7 20 35 2 19 50 17 34 48 12 29 46 4 21 38 16 31 3 28 44 6 23 40 1 18 33 11 30 47 15 32 49 8 25 42 10 27 36 14 39
46 8 25 42 16 33 1 18 35 14 29 50 7 22 39 4 21 38 12 27 44 6 23 40 2 19 36 10 28 45 15 32 49 3 20 37 13 30 47 9 24 41 5 17 34 11 26 43 31 48
30 47 14 31 44 2 19 38 12 29 50 9 26 43 7 24 41 6 23 40 1 18 35 13 28 45 11 22 39 5 20 37 16 33 48 10 27 42 4 21 34 15 32 49 3 17 36 8 25 46
9 27 44 16 31 50 6 23 40 3 20 37 13 28 45 1 18 35 15 30 47 11 24 41 2 17 34 10 25 42 14 29 46 8 21 38 5 22 39 12 26 43 4 19 36 7 32 48 33 49
43 15 32 49 3 20 37 28 45 10 27 44 8 21 38 2 17 34 16 31 48 6 23 40 14 29 46 12 25 42 1 18 35 9 24 41 13 30 47 5 22 39 7 26 33 11 50 4 36 19
32 49 17 34 1 18 35 24 41 13 28 45 9 22 39 6 23 40 15 30 47 10 25 42 3 20 37 11 26 43 16 29 46 7 21 38 4 14 31 48 5 19 36 2 33 8 50 27 12 44
20 41 6 27 44 16 33 50 8 23 40 5 19 36 13 28 45 3 22 39 9 26 43 14 31 48 7 24 41 2 17 34 11 28 12 29 46 15 30 47 1 18 35 10 25 42 4 21 38 32
49 17 34 48 5 24 41 15 32 3 22 39 11 26 43 8 21 38 2 16 33 50 13 30 47 10 27 44 7 20 37 6 23 40 4 19 36 14 29 46 1 18 35 12 28 45 9 25 42 31
36 2 23 40 19 14 33 47 8 25 44 12 29 46 6 21 38 17 32 50 10 27 45 4 22 41 13 28 43 7 24 39 1 18 35 11 26 49 3 20 37 15 30 48 9 16 34 5 31 42
15 40 7 29 46 12 27 42 5 22 39 3 20 37 17 34 48 11 26 43 8 23 35 1 18 33 50 14 31 49 6 21 38 10 25 44 4 16 32 47 9 24 41 13 28 45 2 19 36 30
47 14 31 44 2 19 36 10 27 50 8 23 40 5 22 39 15 30 45 1 18 35 12 29 46 9 26 43 7 24 41 4 20 37 16 33 48 13 25 42 6 21 38 3 17 34 11 28 49 32
28 45 11 26 43 7 24 41 20 37 4 21 38 16 31 48 10 25 42 14 29 46 3 18 35 50 13 30 47 8 23 40 5 22 39 6 17 34 2 19 36 1 15 32 49 12 27 44 9 33
41 6 23 40 18 35 49 9 26 43 5 22 39 2 17 34 13 30 47 15 28 45 8 21 38 11 24 14 31 48 1 20 37 3 19 33 50 10 25 42 16 29 46 7 27 44 4 12 36 32
24 43 10 29 46 8 25 40 2 19 36 14 31 48 6 23 38 17 32 50 12 27 44 5 20 35 9 26 41 3 18 33 15 30 47 1 16 34 11 28 45 7 22 39 13 24 42 4 21 37
48 16 33 50 4 21 38 27 44 11 28 45 3 20 37 9 26 43 8 23 40 13 30 47 6 22 39 2 17 35 14 29 46 10 25 42 1 18 36 5 15 32 49 12 24 41 7 19 34 31
11 35 2 25 42 16 29 46 4 21 40 6 23 38 1 18 33 50 14 31 48 10 27 44 8 19 36 13 28 43 7 24 41 15 30 47 9 22 39 5 20 37 3 17 34 12 26 45 32 49
39 6 21 38 18 33 47 14 29 46 5 22 35 3 20 37 13 28 45 9 26 43 8 23 40 1 16 34 50 12 25 42 7 24 41 11 30 48 4 19 36 2 17 32 49 10 27 44 15 31
16 34 3 24 41 10 27 44 6 23 40 13 28 45 9 22 39 2 17 32 50 15 30 47 8 21 38 5 20 37 1 14 31 48 11 26 43 12 29 46 4 19 36 7 25 42 18 35 33 49
33 1 18 35 14 31 48 22 39 6 21 38 11 26 43 7 24 41 4 17 34 50 12 29 46 9 25 42 5 20 37 3 16 30 47 13 28 45 8 23 40 15 32 49 2 19 36 10 27 44
4 28 45 17 34 49 6 21 38 15 30 47 12 25 42 8 23 40 3 16 33 50 11 26 43 7 22 39 1 14 31 48 10 27 44 5 20 37 13 29 46 9 24 41 2 18 35 19 32 36
21 38 8 27 44 9 24 41 17 32 49 3 20 37 13 28 45 6 23 40 1 16 33 50 11 26 43 4 19 36 15 30 47 10 25 42 2 18 35 14 29 46 7 22 39 5 12 31 48 34
44 10 29 46 7 22 39 5 20 37 15 32 49 3 18 35 16 31 48 11 28 45 2 17 34 50 13 30 47 9 26 43 6 23 40 4 21 38 12 24 41 8 25 42 1 14 33 19 36 27
18 35 14 27 44 5 22 39 16 31 48 9 26 43 6 21 38 4 17 32 50 13 28 45 10 25 42 3 20 37 1 15 30 47 8 23 40 12 29 46 11 24 41 7 19 36 2 33 34 49
10 32 49 22 39 19 36 4 21 40 7 24 41 15 28 45 13 30 47 9 26 43 5 20 37 3 18 35 11 27 44 6 23 38 1 16 33 50 14 29 46 8 25 42 2 17 34 12 48 31
25 44 12 31 48 6 21 38 3 16 33 50 14 27 42 8 23 40 11 28 45 1 18 35 13 30 47 9 24 41 5 20 37 2 17 34 15 29 46 10 26 43 7 22 39 4 19 36 32 49
35 3 22 39 17 32 50 13 28 45 8 25 42 6 21 38 4 19 36 2 15 31 48 11 26 43 9 24 41 7 23 40 1 16 33 14 29 46 12 27 44 5 20 37 10 18 34 47 30 49
1 22 41 14 29 46 10 25 38 7 20 37 3 18 33 50 15 32 49 9 26 43 6 21 40 13 28 45 11 27 44 5 23 42 4 17 34 16 30 47 8 24 39 12 19 35 2 31 48 36
46 12 31 48 7 26 43 5 20 35 13 28 47 9 24 41 2 17 34 1 16 33 50 15 30 45 10 27 44 6 23 40 4 19 36 14 29 42 11 25 38 8 21 37 3 18 32 49 22 39

# Women's preferences (rank all 50 men)
13 37 2 45 19 31 8 26 44 5 22 39 16 34 1 28 47 11 29 42 7 24 40 3 17 35 50 14 32 49 6 21 38 10 27 46 9 25 43 4 20 36 15 33 48 12 23 41 18 30
40 6 23 47 14 31 48 9 26 43 2 19 36 15 32 49 5 22 39 17 34 1 28 45 11 27 44 8 25 42 7 21 38 13 30 50 10 24 41 4 16 33 20 37 3 18 35 29 46 12
27 45 10 29 46 8 25 42 3 20 37 14 32 49 6 21 38 17 35 1 18 33 50 13 30 47 9 26 43 5 22 39 16 34 2 19 36 15 28 44 11 23 40 7 24 41 4 31 48 12
48 15 32 49 3 22 39 17 34 1 28 45 9 26 43 6 21 38 14 31 50 11 25 42 7 24 41 5 20 37 16 33 2 19 36 12 29 46 10 27 44 8 23 40 4 18 35 13 30 47
21 38 5 22 40 16 33 50 12 29 46 7 24 41 3 20 37 14 31 48 10 27 44 9 26 43 8 25 42 2 19 36 1 15 32 49 6 23 17 34 13 30 47 4 18 35 11 28 45 39
36 4 19 34 18 35 50 13 28 43 8 25 42 1 16 33 11 26 45 9 22 39 7 24 41 5 20 37 15 30 47 10 27 44 3 17 32 49 6 21 40 14 29 46 2 23 38 12 31 48
14 31 48 6 25 42 20 37 2 21 38 17 34 3 18 33 50 10 27 44 8 23 40 16 29 46 13 28 45 5 22 39 1 15 30 47 12 26 43 9 24 41 4 19 36 7 32 49 11 35
43 9 26 47 14 31 48 5 22 39 17 34 1 28 45 10 27 44 8 23 40 16 33 2 19 36 3 20 37 13 30 50 7 24 41 11 25 42 6 18 35 15 29 46 12 21 38 4 32 49
28 46 11 30 47 7 22 39 4 21 38 16 33 50 13 26 43 9 24 41 5 20 37 15 32 48 6 23 40 1 14 29 46 8 25 42 17 34 3 18 35 10 27 44 2 19 36 12 31 49
5 23 40 17 32 49 8 25 42 3 20 37 16 31 48 14 27 44 6 21 38 9 26 43 13 28 45 11 29 46 1 18 35 7 22 39 4 19 33 50 15 30 47 10 24 41 2 12 36 34
34 1 18 35 50 13 28 45 9 26 43 8 23 40 6 21 38 16 29 46 4 17 32 49 11 24 41 5 22 39 3 20 37 14 27 44 10 25 42 2 15 30 47 7 19 36 12 31 48 33
47 13 30 45 2 21 38 17 32 49 6 25 42 9 24 41 4 19 36 15 28 43 8 23 40 1 16 33 50 11 26 44 7 22 39 3 20 37 14 29 46 10 27 12 31 48 5 18 35 34
19 36 3 22 39 10 27 44 8 25 42 2 17 32 49 15 28 45 13 26 43 5 20 37 1 16 33 50 9 24 41 14 29 46 6 21 38 12 31 48 11 23 40 7 18 35 4 30 47 34
6 24 41 19 34 50 15 32 49 8 27 44 3 20 37 13 28 45 11 26 43 1 18 35 16 29 46 7 22 39 5 21 38 10 25 42 2 17 33 12 30 47 9 23 40 4 14 31 48 36
41 8 25 44 12 29 46 1 18 35 16 31 48 6 23 40 14 27 42 3 20 37 10 22 39 50 17 30 47 5 21 36 13 28 45 9 24 41 7 19 34 2 15 32 49 11 26 43 4 33
33 50 10 27 46 14 31 48 5 24 41 9 26 43 3 18 35 16 29 45 7 22 39 1 17 34 2 20 37 13 28 44 8 23 40 15 30 47 6 21 38 11 25 42 4 19 36 12 32 49
22 39 6 23 42 17 32 49 11 28 45 4 19 36 14 27 44 9 26 43 8 21 38 2 16 33 50 13 29 46 7 24 41 5 20 37 15 30 47 10 25 1 18 35 12 3 40 31 48 34
10 28 45 16 31 48 7 22 39 3 18 35 50 13 26 43 9 24 41 5 20 37 1 15 30 47 14 27 44 6 21 38 17 32 49 12 25 42 4 19 36 2 23 40 11 29 46 8 33 34
45 12 27 44 5 22 39 2 17 34 50 16 29 46 8 23 40 14 31 48 6 21 38 10 25 42 4 19 36 1 15 32 49 13 28 45 9 26 43 7 24 41 3 18 35 11 30 47 20 33
17 34 1 18 35 13 30 47 9 26 43 5 20 37 16 31 48 10 27 44 8 23 40 2 21 38 50 14 29 46 7 22 39 3 15 32 49 12 25 42 6 24 41 11 28 45 4 19 36 33
29 46 13 28 43 7 24 41 2 19 36 17 32 49 5 22 39 10 27 44 3 20 35 15 30 47 1 16 31 48 9 26 43 8 25 40 6 21 38 4 14 33 50 11 23 42 12 18 37 34
38 4 21 40 15 30 47 9 26 43 6 23 40 1 18 35 50 12 29 46 8 25 42 14 27 44 3 20 37 17 32 49 11 24 41 5 22 39 2 16 33 13 28 45 7 10 36 31 48 19
12 30 47 4 21 38 15 32 49 6 23 40 9 26 43 17 34 1 28 45 11 25 42 7 22 39 3 20 37 50 13 27 44 8 24 41 14 29 46 5 18 35 2 16 33 10 31 48 19 36
44 11 26 43 8 25 42 3 20 37 17 30 47 6 21 38 15 32 49 13 28 45 9 24 41 5 22 39 1 16 33 50 14 29 46 7 19 36 2 18 35 10 27 44 4 23 40 12 31 48
31 48 15 32 49 1 18 35 14 29 46 10 27 44 8 23 40 6 21 38 5 20 37 2 16 33 50 13 28 45 9 26 43 7 22 39 3 17 34 11 25 42 4 19 36 12 24 41 30 47
9 26 43 7 22 39 17 34 50 12 29 46 4 21 38 14 27 44 5 20 37 3 16 33 13 28 45 1 18 35 11 25 42 8 24 41 15 30 47 10 23 40 6 19 36 2 31 48 32 49
42 7 24 41 20 35 50 11 28 45 6 23 40 16 29 46 3 18 35 14 27 44 9 26 43 2 19 36 5 22 39 1 15 30 47 13 25 42 8 21 38 10 17 34 12 31 48 4 33 37
25 44 8 27 44 12 29 46 5 22 39 17 32 49 14 27 44 10 25 42 3 20 37 1 18 35 50 13 28 45 7 24 41 15 30 47 6 21 38 9 26 43 2 16 33 4 23 40 11 36
16 33 50 9 28 45 6 23 40 2 19 36 14 29 46 8 25 42 11 27 44 4 21 38 15 30 47 7 24 41 1 17 35 13 26 43 5 22 39 12 31 48 10 20 37 3 18 34 32 49
37 3 20 37 16 31 48 10 27 44 8 21 38 5 22 39 1 14 29 46 13 26 43 9 24 41 7 19 36 2 17 34 50 12 28 45 6 23 40 15 30 47 4 18 35 11 25 42 33 32
26 43 9 26 43 3 20 37 15 32 49 8 23 40 5 22 39 13 28 45 17 30 47 1 16 33 50 14 29 46 10 25 42 7 24 41 6 21 38 11 27 44 2 18 35 4 19 36 12 31
50 17 34 2 21 38 13 28 45 9 26 43 7 22 39 15 30 47 6 23 40 1 16 33 11 29 46 8 25 42 5 20 37 14 27 44 3 18 35 12 24 41 10 19 36 4 31 48 32 49
7 22 39 17 32 49 14 29 46 4 21 38 11 26 43 9 24 41 6 23 40 2 19 36 50 13 28 45 8 25 42 1 17 34 15 30 47 5 20 37 10 27 44 3 18 35 12 31 48 33
35 1 18 33 50 16 29 46 6 23 40 11 28 45 3 20 37 14 27 44 9 26 43 7 22 39 4 21 38 15 30 47 13 25 42 5 22 35 10 17 34 8 24 41 2 19 36 12 31 48
23 40 14 27 44 5 22 39 17 32 49 1 18 35 15 30 47 8 25 42 6 21 38 3 20 37 13 28 45 9 26 43 7 24 41 2 16 33 50 12 29 46 10 23 40 4 19 36 11 31
32 49 6 25 42 18 33 50 10 27 44 3 20 37 15 28 45 8 21 38 1 16 31 48 11 26 43 7 24 41 14 29 46 5 22 39 9 17 34 2 19 36 13 30 47 4 23 40 12 35
18 35 16 29 46 12 27 44 7 24 41 5 22 39 3 20 37 14 31 48 9 26 43 1 17 34 50 13 28 45 11 25 42 6 21 38 10 23 40 8 15 30 47 4 19 36 2 33 49 32
3 20 37 13 28 47 14 29 46 8 23 40 5 22 39 17 32 49 11 26 43 1 16 33 50 10 25 42 7 24 41 4 19 36 15 30 45 9 21 38 6 18 35 2 27 44 12 31 48 34
46 12 27 42 2 21 38 17 32 49 7 24 41 3 18 35 50 14 29 46 6 23 40 10 25 42 1 15 30 47 9 26 43 5 22 39 13 28 45 8 20 37 4 19 36 11 16 33 31 48
11 29 44 16 31 48 5 22 39 3 20 37 17 30 47 14 25 42 7 21 38 9 26 43 1 18 33 50 13 28 45 4 19 36 8 24 41 2 15 32 49 6 23 40 12 27 10 35 46 34
20 37 4 21 40 8 25 42 14 29 46 6 23 40 3 18 35 50 13 28 45 11 26 43 1 17 34 2 16 31 48 10 27 44 15 30 47 7 22 39 5 19 36 9 24 41 12 33 32 49
39 5 22 41 17 32 49 10 27 44 3 20 37 15 28 45 8 25 42 6 23 40 14 29 46 1 16 33 50 13 26 43 4 21 38 11 24 9 18 35 7 19 36 2 30 47 12 31 48 34
24 41 12 27 44 16 31 48 6 23 40 4 21 38 14 29 46 9 26 43 2 17 34 50 11 28 45 7 22 39 5 20 37 1 15 32 49 13 25 42 10 18 35 3 19 36 8 30 47 33
8 25 42 6 23 40 2 19 36 50 17 30 47 14 29 46 10 27 44 5 22 39 1 16 33 13 28 45 9 24 41 7 21 38 15 32 49 11 26 43 3 18 35 12 20 37 4 31 48 34
30 47 15 28 45 9 26 43 1 18 35 16 31 48 13 24 41 4 21 38 11 23 40 50 14 29 46 7 22 39 5 20 37 3 17 34 10 25 42 2 16 33 8 27 44 6 19 36 12 32
15 32 49 11 28 45 4 21 38 13 26 43 9 24 41 7 22 39 2 17 34 50 16 29 46 6 23 40 1 18 35 14 27 44 10 25 42 5 20 37 3 19 36 8 12 30 47 31 48 33
2 17 34 50 15 30 47 8 25 42 6 21 38 13 28 45 1 16 31 48 9 24 41 4 19 36 14 27 44 11 26 43 7 22 39 5 20 37 3 18 35 10 23 40 12 29 46 32 49 33
49 16 31 48 13 28 45 5 22 39 8 25 42 3 20 37 1 15 30 47 11 26 43 17 29 46 6 23 40 9 24 41 14 27 44 7 21 38 4 19 36 2 18 35 10 12 33 50 32 34
4 19 36 12 29 46 17 32 49 11 24 41 7 22 39 5 20 37 15 28 45 3 16 33 50 13 26 43 9 25 42 6 21 38 1 14 31 48 10 27 44 8 23 40 2 18 35 30 47 34
1 2 3 4 5 6 7 8 9 10 11 12 13 14 15 16 17 18 19 20 21 22 23 24 25 26 27 28 29 30 31 32 33 34 35 36 37 38 39 40 41 42 43 44 45 46 47 48 49 50
1 2 3 4 5 6 7 8 9 10 11 12 13 14 15 16 17 18 19 20 21 22 23 24 25 26 27 28 29 30 31 32 33 34 35 36 37 38 39 40 41 42 43 44 45 46 47 48 49 50