100 100

# Men's preferences
43 42 92 10 66 51 2 71 16 79 74 11 56 57 73 46 49 93 77 38 31 22 33 97 81 50 84 27 88 34 9 48 60 64 75 45 99 53 86 13 37 24 40 41 19 67 62 61 8 35 100 47 3 52 17 39 59 69 23 63 25 6 7 68 83 20 80 44 91 21 1 96 58 94 54 90 26 72 85 78 65 30 28 89 98 5 55 76 12 70 87 14 18 29 32 36 95 4 15 82
58 27 6 14 62 25 23 39 26 53 86 68 80 45 43 5 70 78 31 3 48 95 2 54 85 97 4 87 16 37 38 61 46 24 10 13 40 71 99 93 74 81 17 65 30 11 96 90 57 22 42 67 77 76 35 91 8 79 44 1 56 36 63 33 60 49 50 9 82 21 20 15 7 12 94 66 88 29 47 52 98 55 75 89 69 72 32 18 34 19 59 83 51 64 84 100 41 92 73 28
50 78 48 20 49 40 90 11 33 38 24 34 15 39 19 68 88 74 69 75 52 14 6 83 77 92 86 59 37 21 2 46 41 80 45 98 18 12 60 84 87 35 54 64 97 51 22 100 26 55 7 99 42 93 4 47 56 82 27 62 23 73 79 65 13 25 53 72 96 61 17 70 28 63 36 31 66 85 43 5 94 89 8 81 10 1 95 91 30 71 76 3 44 9 29 32 16 58 67 57
57 70 28 78 12 3 91 13 26 47 95 2 55 90 15 43 45 80 25 22 42 38 56 10 50 46 18 44 93 69 4 61 48 79 64 36 58 74 20 83 29 76 19 88 82 53 23 85 94 33 14 35 59 97 37 40 63 1 5 49 60 92 30 39 17 51 71 84 72 27 34 99 67 81 54 89 6 86 100 32 73 16 52 31 87 77 9 24 11 66 98 21 68 65 62 75 7 8 41 96
77 24 78 36 59 8 98 41 34 62 81 37 58 94 64 35 84 99 61 12 76 54 29 42 28 86 80 9 67 1 50 39 82 33 88 38 90 57 22 26 60 96 44 49 74 66 30 13 95 87 3 25 7 45 51 11 18 16 63 93 85 65 52 68 43 69 4 73 23 21 31 92 53 97 79 14 32 27 46 83 47 40 6 17 56 19 100 75 48 5 70 20 89 10 15 2 72 55 91 71
47 62 45 58 82 68 78 72 35 81 9 12 34 21 76 64 63 67 24 4 29 18 48 51 87 83 36 69 8 14 89 7 77 55 46 26 32 94 50 75 74 30 5 59 31 100 3 2 10 13 15 20 44 99 84 98 6 96 95 41 43 33 19 11 22 61 66 28 70 57 60 92 56 27 37 80 1 88 91 97 73 79 23 49 54 25 17 71 38 90 52 42 53 86 40 65 39 93 16 85
42 98 19 90 65 92 97 4 51 12 16 64 71 56 17 47 14 91 75 21 24 29 7 40 13 38 34 33 76 45 5 46 6 94 87 44 52 78 100 85 26 22 59 2 73 79 84 68 32 15 39 58 93 48 89 74 69 55 25 66 80 23 61 1 62 49 3 96 72 27 8 77 60 86 88 53 54 9 28 83 50 30 20 18 11 70 41 43 35 95 37 10 57 99 31 81 63 67 36 82
56 63 100 36 52 2 43 79 23 70 71 96 76 5 58 64 47 59 77 50 57 67 90 11 13 95 98 19 84 25 8 29 37 68 69 83 44 38 65 99 97 35 85 18 62 34 12 54 92 46 30 41 24 91 7 72 53 27 66 1 87 42 89 9 88 55 45 6 16 39 81 32 10 26 51 49 74 82 4 75 14 40 21 93 94 78 22 48 33 60 28 73 15 86 61 17 31 20 80 3
17 80 23 91 21 8 95 78 14 22 73 27 37 65 96 10 77 5 64 57 50 26 53 42 81 67 86 2 6 11 51 72 62 56 60 54 88 44 90 36 4 94 98 9 74 76 1 20 93 66 15 79 13 7 19 39 34 49 97 47 18 31 84 28 69 24 70 41 25 16 30 33 87 35 59 46 43 82 55 45 68 71 99 48 75 85 40 32 100 52 29 38 12 3 58 63 92 83 61 89
93 64 100 22 50 57 63 12 41 52 62 98 89 7 24 44 40 83 14 90 97 9 72 80 56 16 49 43 25 46 70 47 36 69 42 2 17 86 99 3 75 6 54 32 66 33 18 88 96 60 45 73 8 68 65 76 84 48 39 67 51 92 4 74 19 35 20 29 15 55 26 94 78 87 59 82 37 30 5 38 61 77 58 53 1 91 10 71 23 31 21 11 85 34 28 81 27 13 95 79
3 11 44 23 90 79 29 68 34 56 77 14 38 28 61 96 20 86 75 43 91 50 39 24 65 89 72 95 73 26 55 22 48 81 100 9 49 13 83 88 87 74 69 45 82 62 18 51 94 19 46 32 10 97 93 58 30 8 54 92 6 76 36 2 40 21 31 4 16 63 78 37 17 99 35 27 84 57 64 80 47 67 25 7 53 60 70 85 1 66 52 15 42 33 41 12 59 5 71 98
14 33 94 31 88 37 42 47 30 40 69 26 35 1 32 18 25 90 58 39 87 52 36 8 22 77 82 38 71 74 56 83 12 27 73 66 75 55 24 23 60 4 21 3 79 86 45 70 29 54 46 62 81 7 28 100 48 15 78 80 72 67 16 9 89 63 99 95 93 11 51 44 34 97 10 98 53 19 2 59 68 92 57 13 43 76 65 17 5 64 20 84 85 50 49 91 61 96 41 6
80 85 93 20 32 94 81 41 75 82 23 88 53 54 68 95 16 43 42 28 60 56 45 55 58 77 44 67 97 4 91 65 1 86 63 52 83 96 15 10 66 76 8 22 61 92 79 11 71 72 34 24 35 84 9 70 12 27 48 21 19 98 69 17 47 5 57 40 6 13 18 99 25 29 100 30 37 64 78 7 73 2 36 51 3 87 38 90 46 74 49 31 14 62 50 26 39 59 33 89
7 40 3 21 35 33 73 71 90 60 24 49 65 44 23 62 27 82 34 92 26 11 19 68 32 29 45 72 87 85 52 12 17 89 56 94 1 10 93 98 58 38 95 66 78 74 37 9 99 22 67 4 2 100 41 42 14 43 6 30 80 55 61 16 25 81 51 8 46 77 83 47 96 75 57 28 91 5 36 53 79 63 97 84 88 20 76 54 70 86 48 59 50 18 69 31 13 15 64 39
18 32 3 1 70 93 34 33 79 96 41 45 61 77 94 16 48 54 91 85 39 12 29 20 51 2 86 92 25 35 50 23 60 97 22 37 40 81 98 82 84 95 67 76 46 74 6 5 31 64 89 24 99 43 90 69 21 7 47 27 26 66 73 44 53 30 58 72 28 15 13 56 65 100 38 68 49 87 71 75 80 36 17 9 19 78 42 11 10 57 63 14 88 55 52 62 8 4 83 59
31 46 36 10 97 30 60 25 2 69 53 89 61 47 41 79 94 83 22 56 88 78 13 5 6 66 92 16 75 74 67 51 17 87 37 65 58 93 84 62 26 15 3 70 43 34 63 38 50 77 86 64 81 23 8 33 80 14 18 27 29 39 32 55 57 98 72 71 76 20 7 11 42 96 48 21 95 59 54 49 28 68 12 100 82 91 9 52 85 73 19 99 1 45 44 40 90 35 24 4
81 65 82 85 7 16 36 6 4 24 1 60 9 33 8 62 28 35 27 26 34 23 53 70 73 91 97 63 54 2 64 18 20 72 71 55 46 93 77 21 94 84 86 48 79 78 100 37 57 30 87 41 50 61 5 96 58 49 75 39 90 13 17 67 88 31 19 69 45 25 74 83 99 66 10 95 43 29 44 40 51 11 68 98 76 92 32 14 56 12 47 89 59 80 22 42 3 52 15 38
95 40 94 51 85 16 52 31 1 30 15 58 35 55 27 84 96 73 41 66 38 70 18 17 4 10 3 29 5 8 78 98 49 100 12 80 56 2 24 69 28 71 54 34 86 60 59 89 22 61 25 36 63 93 46 39 75 26 87 64 42 62 88 45 19 97 74 20 33 82 81 72 13 76 9 43 7 77 99 53 50 37 48 47 21 79 67 68 90 57 91 32 6 23 83 65 11 92 44 14
12 47 100 45 52 43 13 75 44 89 41 83 63 85 34 56 99 8 94 84 72 17 20 46 79 5 42 66 32 38 51 1 88 36 39 95 64 3 9 10 22 76 73 55 90 50 93 92 70 24 77 80 4 27 2 23 29 53 15 59 6 28 82 19 98 35 81 11 86 16 67 14 71 91 62 7 33 18 78 26 21 54 68 65 49 37 60 57 74 87 48 25 61 40 31 69 30 58 96 97
80 62 76 28 90 96 29 85 60 36 16 37 8 32 75 64 15 40 66 27 4 73 87 52 2 34 49 10 7 98 25 39 17 51 26 72 20 21 97 58 56 13 99 63 59 82 5 69 57 41 67 83 30 44 100 91 12 42 53 22 35 23 95 18 43 14 93 45 84 94 78 33 48 77 6 61 50 3 71 81 65 70 88 9 47 68 11 89 86 24 54 74 31 46 79 1 55 38 19 92
60 65 35 33 97 41 1 51 83 94 27 13 48 30 64 72 92 96 28 88 84 15 63 77 73 67 43 23 59 20 7 54 93 69 86 80 25 53 32 12 2 82 16 18 95 74 26 89 34 68 62 100 49 71 81 24 29 44 90 39 3 37 61 50 75 76 31 9 17 5 87 19 4 21 66 47 52 10 8 36 56 79 46 6 91 45 57 22 55 78 58 40 99 85 98 11 14 42 38 70
92 32 73 93 27 50 42 57 59 5 29 37 52 4 69 85 70 49 87 1 26 61 14 28 7 30 97 84 25 88 31 44 43 2 3 64 100 80 76 38 63 33 54 35 90 66 89 91 18 36 81 13 72 6 55 19 34 23 15 46 78 21 11 22 39 20 77 16 8 65 56 75 24 95 82 45 67 96 58 83 41 94 10 98 86 53 68 62 51 40 9 12 79 17 99 60 48 74 71 47
94 11 68 69 8 67 22 55 34 99 56 73 91 59 47 62 5 74 53 89 15 37 77 63 10 29 12 40 18 43 65 46 3 36 80 24 90 9 28 76 1 81 49 84 98 70 39 61 97 51 4 23 75 86 82 30 33 26 6 2 87 20 57 88 83 64 71 25 85 42 21 79 54 50 38 7 13 96 32 58 35 16 100 31 93 14 72 66 48 17 52 45 95 92 41 19 78 44 27 60
36 1 77 55 23 56 95 26 52 28 32 49 35 5 19 94 58 64 81 60 12 24 93 91 71 6 96 46 17 86 22 72 83 9 68 62 33 57 14 90 53 27 87 29 2 13 8 45 37 74 16 82 10 25 70 50 85 47 88 80 11 31 38 7 30 34 75 4 40 54 15 98 48 3 97 84 73 63 69 99 65 44 76 39 89 51 21 41 79 42 100 66 78 20 59 67 61 43 92 18
77 65 82 23 54 86 24 41 8 59 89 98 52 25 93 22 5 16 17 78 96 63 99 58 46 20 34 10 60 2 71 48 66 100 83 40 39 88 12 3 79 15 91 47 92 4 67 85 21 94 97 64 56 55 75 42 27 90 36 1 9 50 44 80 61 43 53 13 73 30 29 68 7 32 31 76 14 18 81 72 35 69 26 28 62 33 84 57 95 11 37 6 38 19 45 51 49 70 87 74
100 76 65 22 93 78 26 25 91 95 90 84 33 54 20 3 61 44 85 96 28 11 57 46 51 68 7 17 37 88 72 4 87 5 98 38 29 73 6 49 69 14 99 53 36 63 27 80 77 48 30 10 71 9 56 15 64 89 19 59 41 70 45 67 92 21 40 60 16 8 81 47 83 2 74 75 39 43 35 58 31 50 34 1 32 94 62 18 24 13 86 97 12 42 66 55 52 82 79 23
21 34 38 31 92 32 64 12 56 79 97 86 22 91 63 85 26 73 19 42 78 66 83 50 36 76 72 52 46 41 81 39 4 65 59 7 84 14 67 62 40 27 43 99 87 13 71 100 68 60 69 15 82 25 57 95 35 47 44 30 20 2 74 96 29 17 98 23 16 90 80 88 11 94 77 58 49 48 54 18 24 53 37 5 61 89 8 70 9 45 55 6 10 75 28 1 33 51 3 93
28 95 98 73 51 79 70 40 56 96 62 23 67 2 78 34 17 92 9 84 12 21 81 15 37 10 99 65 63 97 30 26 59 16 46 77 48 42 1 88 22 75 82 14 36 66 38 57 5 3 52 80 44 25 71 4 13 74 47 35 6 85 55 58 11 43 27 33 32 50 18 93 76 91 89 100 8 60 19 87 29 31 61 69 24 94 39 20 53 54 90 41 68 49 86 83 45 7 64 72
47 16 21 88 95 55 60 62 25 11 39 57 52 23 29 100 13 76 12 87 58 92 66 84 79 17 83 51 6 85 91 28 37 19 96 99 45 42 27 36 35 56 2 86 48 31 50 90 61 40 4 72 89 82 14 65 67 77 69 15 41 94 9 53 1 7 10 5 68 8 74 24 80 70 18 78 46 22 59 81 63 33 44 98 64 32 73 49 30 43 26 20 38 54 93 97 75 71 34 3
99 50 76 46 60 80 1 62 69 88 53 92 31 57 17 67 89 24 97 66 20 75 34 38 85 40 52 14 86 94 12 42 32 29 18 95 91 26 65 59 74 15 96 7 4 72 33 78 47 45 9 48 100 58 93 79 44 25 55 54 63 16 37 21 39 77 51 19 27 3 41 23 5 81 70 36 10 84 35 98 87 28 30 6 68 13 73 43 83 56 64 11 22 90 2 82 8 61 71 49
78 48 81 85 88 93 3 33 19 87 34 8 54 15 83 36 23 44 6 52 75 80 43 60 62 76 45 21 69 55 57 59 64 29 37 25 68 26 1 94 9 7 30 13 40 65 63 41 47 16 97 95 61 51 31 20 27 84 28 74 5 10 73 90 39 99 18 70 49 22 67 32 91 11 79 89 38 2 50 42 82 77 86 71 46 96 4 100 53 66 92 72 58 56 24 12 17 14 35 98
92 41 97 21 19 87 96 25 74 6 13 85 80 72 8 35 84 68 48 61 63 83 12 73 56 43 93 66 90 95 16 2 23 77 45 30 79 98 29 86 59 89 36 34 81 15 17 50 1 7 28 51 22 78 26 100 44 75 37 3 40 42 67 46 32 14 11 47 5 99 54 65 69 52 62 58 10 49 55 20 33 31 39 82 18 64 53 9 38 57 27 91 60 94 4 71 88 24 70 76
7 31 11 15 2 80 54 33 73 10 57 29 99 3 53 86 77 59 18 70 65 94 91 19 46 35 68 13 61 5 66 96 44 37 89 16 49 75 69 6 74 45 20 12 100 63 48 98 62 38 64 40 25 39 93 41 34 97 83 92 17 8 88 78 42 47 84 14 9 36 27 28 1 50 90 76 58 26 79 4 51 56 82 85 24 81 52 30 60 55 72 43 21 71 23 67 32 95 22 87
79 94 1 97 75 13 25 51 61 26 7 33 24 77 12 34 68 43 31 27 2 49 87 83 82 81 44 19 30 10 86 21 42 18 80 46 90 39 52 9 78 92 67 41 40 58 45 99 48 65 16 50 8 60 84 100 62 23 17 85 3 56 20 32 14 55 28 95 6 72 47 70 35 76 74 15 66 71 64 96 59 93 37 69 89 36 5 38 29 4 73 11 22 98 57 91 54 63 88 53
50 25 97 27 70 10 39 54 77 21 56 98 2 34 38 99 31 73 32 40 41 23 33 91 22 85 8 19 5 65 78 14 58 83 62 57 15 100 26 4 87 95 43 47 49 72 24 53 68 18 61 20 76 84 45 67 79 90 30 29 11 80 60 16 3 88 13 6 7 74 93 17 71 44 37 92 35 64 81 55 28 51 69 9 46 86 82 94 12 1 75 42 63 59 48 89 36 96 66 52
54 63 62 43 33 89 72 6 38 75 61 88 15 94 29 44 48 3 59 40 14 85 23 78 10 52 83 26 30 87 7 17 47 98 97 49 31 95 35 46 67 70 77 100 21 24 1 34 5 99 80 56 86 8 65 71 90 60 58 64 69 42 19 51 25 66 27 39 4 37 74 11 36 32 82 41 55 92 50 76 16 18 13 12 91 93 96 53 20 81 28 45 57 22 84 79 2 73 68 9
92 26 81 77 36 58 41 13 28 83 75 5 20 89 51 88 29 6 82 52 93 65 19 74 66 62 49 14 38 53 46 27 39 96 80 25 54 99 42 71 69 3 1 61 100 90 47 44 95 7 50 73 57 60 11 37 68 63 70 24 33 30 97 10 76 9 72 55 43 4 87 35 17 48 22 34 91 67 45 64 21 84 18 2 16 23 85 86 40 98 78 79 59 15 56 12 32 8 31 94
24 71 23 84 22 42 83 72 44 99 90 69 100 35 46 3 25 34 78 91 79 58 75 52 74 77 11 39 51 61 50 10 59 47 13 55 15 18 29 56 62 73 21 17 85 16 57 81 28 87 37 97 5 93 65 41 9 33 7 38 67 94 66 96 88 86 6 12 36 19 8 63 54 31 68 27 14 40 49 89 43 2 82 45 92 30 4 53 1 20 98 70 26 64 76 48 60 32 80 95
62 77 94 24 54 80 20 49 42 30 51 33 93 67 15 38 22 99 70 35 1 61 36 84 69 56 21 7 79 5 90 45 65 63 31 27 55 19 66 41 40 73 74 83 46 100 50 88 97 68 59 44 25 85 91 92 47 53 28 37 64 78 96 89 6 86 43 12 82 57 81 9 3 10 98 76 75 11 48 95 26 17 29 8 2 16 18 14 60 13 32 71 72 58 52 4 23 34 39 87
47 72 90 93 96 17 92 28 36 57 87 3 62 100 71 43 54 99 42 49 79 18 58 11 27 16 33 37 14 44 6 53 48 20 51 7 26 55 66 24 59 70 45 38 10 60 77 95 65 97 56 9 52 94 89 22 1 81 34 2 67 39 15 88 12 5 63 82 40 64 25 19 86 73 78 4 80 84 41 76 91 83 23 98 50 74 29 8 69 35 31 85 32 13 21 30 75 46 68 61
73 15 16 67 46 90 65 30 35 44 77 89 74 68 20 66 42 84 8 59 97 88 81 83 26 24 18 23 78 93 79 87 71 4 37 38 48 28 56 95 40 39 51 6 36 60 47 75 25 63 72 61 76 17 21 85 99 3 55 52 5 70 11 29 62 13 69 80 49 100 53 92 54 57 50 7 1 14 33 94 9 32 27 34 2 58 98 91 86 12 82 22 41 45 31 10 96 43 19 64
91 55 18 79 30 77 90 56 52 1 39 73 23 65 78 17 32 19 28 92 9 46 47 21 7 59 98 43 42 2 5 67 14 66 86 71 69 10 41 74 62 33 3 26 76 68 88 16 37 31 44 84 99 72 64 25 54 100 36 93 96 80 89 53 45 95 13 20 8 35 29 75 60 57 87 6 58 97 81 49 48 24 50 70 83 12 34 85 63 94 51 40 15 61 11 38 82 22 27 4
10 55 66 70 97 16 95 82 25 75 67 1 17 22 38 79 85 54 72 28 12 41 99 49 8 76 30 96 46 89 58 2 60 26 62 59 81 11 33 4 24 93 32 77 100 57 64 6 42 68 27 47 18 21 94 92 29 71 20 9 15 56 65 98 90 91 40 39 44 3 48 35 87 7 31 43 51 86 83 88 80 19 52 36 23 5 61 78 74 63 84 50 34 53 45 69 37 13 73 14
86 76 15 81 8 77 70 79 6 32 58 48 65 97 69 30 14 9 85 71 56 54 25 11 51 52 99 75 46 82 68 95 16 62 10 13 47 78 41 92 18 22 5 31 57 63 20 19 94 64 42 72 24 43 67 1 93 38 26 73 88 100 44 39 60 90 91 59 45 49 55 36 40 33 87 80 23 17 61 2 3 66 53 84 35 27 98 83 29 28 74 21 7 50 4 37 12 89 96 34
23 8 33 3 64 35 90 5 78 26 42 31 15 62 19 20 47 93 36 69 45 91 68 2 80 82 67 81 58 76 44 28 59 66 79 70 11 14 18 83 1 63 51 52 50 41 57 32 6 86 87 21 77 30 37 27 100 95 9 71 55 56 4 53 39 49 74 65 25 73 10 7 94 16 60 96 75 92 48 89 54 40 99 46 29 12 84 43 88 97 98 34 17 61 13 38 24 72 85 22
23 75 71 35 74 13 11 24 48 37 70 32 21 81 15 60 2 100 53 83 12 55 91 98 97 78 72 57 73 4 26 42 19 58 69 50 86 9 99 40 89 34 51 64 43 61 20 1 41 90 54 66 10 87 31 79 36 62 85 80 27 8 45 95 96 14 93 7 33 49 5 47 16 84 65 76 82 28 17 29 30 3 52 22 25 46 63 92 18 88 56 44 68 77 67 94 59 38 39 6
73 61 78 74 98 5 40 63 28 77 88 16 91 99 67 94 36 50 20 19 17 1 68 21 89 3 70 65 14 39 72 32 81 49 76 85 58 69 29 37 56 96 53 87 51 4 82 71 9 8 11 42 27 64 31 80 45 25 54 75 92 62 26 52 79 24 44 48 12 35 57 46 43 22 18 2 84 86 15 55 41 47 90 6 23 95 7 60 34 38 59 30 83 33 13 97 93 10 66 100
89 32 96 26 28 21 82 47 18 2 51 48 46 81 17 13 38 85 62 20 9 54 60 25 35 37 27 67 73 6 45 87 79 44 34 19 23 50 66 69 90 8 88 55 75 86 72 40 99 56 95 15 4 68 24 97 30 92 94 70 91 33 80 39 77 1 5 53 84 14 3 76 16 41 78 98 12 58 74 57 59 11 93 52 49 83 71 29 100 7 36 43 31 42 63 10 22 64 61 65
3 91 89 16 94 55 11 15 92 43 47 29 34 45 30 20 24 80 25 10 6 49 93 26 22 2 5 57 86 4 84 95 28 67 81 27 37 31 61 73 8 21 59 35 33 12 79 99 9 52 100 72 19 63 40 70 13 83 96 74 60 48 46 41 39 88 53 69 97 58 38 44 51 36 32 54 82 98 42 78 77 50 14 17 87 90 23 66 62 75 56 71 7 68 1 64 18 65 76 85
27 68 45 85 35 60 19 77 67 90 75 96 28 31 63 69 59 72 52 79 84 44 99 91 8 42 53 13 56 18 14 62 100 47 61 12 15 64 51 5 92 65 37 32 20 43 40 93 4 39 21 95 3 73 46 30 22 1 17 87 81 11 9 34 36 55 6 97 16 66 74 24 10 23 58 38 25 94 78 70 76 48 83 82 29 57 80 26 33 2 98 71 41 88 54 50 49 7 86 89
88 87 96 82 98 24 43 19 80 30 100 74 47 32 57 39 40 18 60 16 85 34 79 68 44 54 81 31 62 45 92 7 97 23 52 61 53 75 35 8 91 2 21 72 26 41 29 83 76 71 99 94 64 36 17 51 12 65 5 86 3 78 46 59 95 20 10 56 73 14 55 28 27 9 1 77 69 22 13 11 89 42 25 84 38 6 63 58 90 66 48 67 4 37 93 70 33 50 15 49
14 58 49 55 8 52 59 64 23 2 34 30 48 17 80 31 87 3 6 4 96 92 47 12 67 35 36 39 89 97 56 61 18 50 82 99 41 100 94 90 54 78 44 37 72 98 91 20 62 57 22 88 32 85 68 5 93 86 76 16 42 65 70 46 43 63 26 13 81 9 38 10 75 60 95 7 73 84 15 25 33 79 29 24 21 19 66 83 53 28 45 27 40 11 71 69 51 77 74 1
81 99 26 79 77 48 28 59 10 74 40 4 72 11 64 50 53 68 95 45 67 1 93 32 16 27 44 13 33 8 52 36 49 100 55 39 54 83 37 35 88 89 75 41 57 69 7 73 42 56 86 80 78 25 96 82 98 14 43 3 15 24 17 9 30 63 90 6 46 62 19 23 21 58 87 94 22 31 2 85 92 91 12 66 65 60 18 38 76 29 51 47 20 84 61 97 70 34 71 5
77 23 84 73 91 45 80 31 55 69 36 14 48 78 71 1 46 26 70 72 49 82 35 42 29 16 79 4 20 41 88 60 65 13 2 7 9 57 25 64 5 56 59 30 75 44 47 63 86 33 43 40 12 50 90 38 51 10 39 94 54 99 68 95 61 58 28 11 37 89 52 67 24 34 22 8 19 85 97 66 81 18 92 100 74 17 6 32 3 53 83 21 76 27 96 98 87 62 15 93
71 52 61 38 81 32 19 21 4 56 48 69 65 10 98 97 5 3 78 88 6 2 22 58 42 57 89 64 39 93 43 84 7 87 29 15 8 9 63 23 60 75 17 54 46 50 59 12 31 51 36 72 68 73 26 44 91 40 24 86 28 35 66 34 82 92 20 14 47 83 41 27 100 79 85 16 67 94 80 1 25 96 53 70 77 37 11 30 62 33 18 55 13 74 90 95 76 45 49 99
10 68 28 20 34 41 76 94 6 72 14 55 70 50 43 3 91 4 71 48 78 24 60 62 45 11 42 49 32 16 56 88 29 35 63 40 98 81 19 44 80 61 7 33 27 65 17 86 95 69 83 13 39 15 18 53 58 97 38 59 74 54 96 89 75 9 93 84 100 73 51 46 52 36 12 21 1 31 47 87 22 79 30 90 66 99 5 25 37 67 85 26 2 57 64 82 23 8 77 92
29 43 17 50 38 85 2 78 72 69 95 84 94 93 5 42 60 97 67 47 73 65 70 96 19 13 7 22 40 68 39 21 36 45 8 77 55 51 92 53 3 86 80 88 79 4 9 59 54 15 76 91 33 49 98 63 18 56 99 66 57 58 75 90 48 62 6 1 83 11 16 14 20 89 100 82 30 27 34 81 31 26 64 25 24 35 74 28 46 41 61 23 71 10 44 87 52 12 37 32
9 1 95 62 47 79 66 80 40 87 45 100 4 25 16 70 3 91 38 94 55 14 11 59 34 5 53 15 10 85 43 6 60 32 65 68 46 86 12 92 42 37 77 96 44 50 78 27 83 82 57 52 75 36 89 99 97 22 48 29 71 76 81 84 73 28 8 21 93 51 7 90 33 39 63 41 69 67 18 64 54 23 2 61 20 19 26 49 56 72 31 35 13 30 88 98 17 74 24 58
84 75 97 63 2 99 47 60 65 73 83 42 66 8 87 19 100 54 16 26 74 91 67 25 1 53 64 81 78 48 10 52 6 15 46 69 62 76 49 77 28 70 44 41 58 39 38 12 55 45 86 29 36 18 35 72 96 95 21 59 56 23 43 5 82 93 80 98 57 37 32 30 40 50 79 20 34 88 92 68 89 4 7 71 61 9 13 14 51 22 27 11 90 33 85 31 94 17 3 24
41 33 61 39 36 93 17 68 40 71 96 72 16 90 91 82 98 62 2 44 54 28 8 23 75 100 45 43 73 56 57 13 70 87 5 26 60 4 52 80 48 64 30 77 94 66 27 22 14 99 89 10 6 74 1 47 97 46 78 76 19 65 12 86 7 20 3 42 85 63 88 58 59 15 38 18 24 9 25 53 84 69 37 35 79 67 31 81 55 11 34 29 49 50 83 95 92 21 32 51
40 50 34 67 33 24 71 4 98 84 79 96 38 11 37 1 87 41 57 92 10 78 5 90 69 80 18 65 27 94 66 30 60 54 99 70 58 43 35 19 59 53 62 3 17 63 55 25 45 81 13 97 29 52 23 49 89 83 95 72 93 73 9 14 76 46 68 8 44 74 64 21 91 12 48 20 77 61 85 6 88 32 51 16 75 36 22 2 42 56 100 31 15 28 86 7 47 26 39 82
1 84 89 72 75 44 22 45 8 73 56 70 64 88 87 38 69 86 82 28 39 32 19 21 96 55 65 43 31 54 49 12 16 92 58 78 97 35 91 61 100 57 81 62 98 77 3 34 18 40 60 46 51 59 94 66 48 36 24 4 41 52 30 11 76 27 2 10 29 47 7 33 68 80 50 74 93 90 25 63 14 26 5 23 17 6 9 85 67 13 15 95 83 53 42 37 79 20 71 99
88 74 87 48 91 11 43 44 30 75 60 95 80 63 35 19 56 10 2 68 98 40 65 61 8 72 34 45 100 27 76 23 22 4 53 25 99 96 54 83 7 50 32 12 97 21 81 90 14 55 26 84 6 64 52 62 15 16 38 57 24 17 9 69 46 59 85 13 20 66 92 36 82 41 94 29 79 86 39 18 67 3 77 37 5 1 51 89 58 47 33 71 49 28 70 73 31 78 42 93
92 98 5 94 14 53 30 41 33 46 77 84 80 37 25 9 82 57 76 22 81 90 31 70 73 54 87 36 75 49 85 1 96 55 16 4 8 6 45 60 58 64 3 47 69 48 100 40 67 86 20 50 2 66 39 59 21 13 23 24 28 27 43 15 12 42 83 35 10 89 32 68 79 78 91 97 63 26 72 62 18 95 99 65 88 93 34 52 71 7 74 61 11 44 17 19 51 38 56 29
76 67 64 8 1 93 37 90 39 89 83 78 71 81 57 29 31 42 75 91 19 87 21 100 5 45 46 62 55 86 53 28 82 54 27 72 34 73 70 96 74 22 10 15 52 36 61 25 17 56 4 18 33 16 20 80 58 99 44 23 97 11 48 51 79 43 40 68 32 6 88 59 65 26 24 12 69 77 63 41 13 66 49 30 95 98 38 3 14 47 92 94 35 85 50 9 2 84 60 7
6 90 74 19 71 55 68 80 44 33 45 51 92 47 22 97 10 69 23 34 66 91 100 56 54 87 8 2 95 64 52 7 37 38 42 89 58 26 28 16 75 21 32 40 29 12 5 88 60 43 67 59 93 70 1 49 27 3 15 13 72 9 31 63 50 86 48 61 65 18 62 11 46 85 76 81 77 30 83 73 78 35 84 79 99 24 17 14 25 20 36 82 57 39 96 53 41 98 4 94
91 55 2 52 5 38 94 40 63 98 74 96 25 86 71 36 44 92 31 80 28 48 3 83 14 95 77 62 45 7 79 34 61 35 32 30 39 17 1 13 9 8 54 41 19 29 73 69 20 27 87 46 99 84 57 72 10 60 43 56 37 64 82 22 6 67 49 78 66 50 68 11 47 88 97 81 16 21 89 33 100 85 26 76 59 23 4 58 42 53 51 18 70 90 75 24 15 65 93 12
93 13 64 69 56 8 3 10 35 22 82 66 25 70 78 58 98 11 2 26 99 20 84 24 29 50 33 30 62 1 88 91 15 81 68 95 44 32 67 73 86 63 60 57 17 96 52 28 19 46 51 80 45 92 31 6 34 41 83 94 100 4 40 65 27 53 43 36 16 18 61 38 76 71 55 9 49 48 42 39 12 5 47 75 59 97 72 74 77 90 89 85 79 37 87 21 23 54 14 7
47 31 64 80 58 19 89 92 96 28 66 38 30 42 13 10 86 56 68 85 97 40 1 17 15 45 7 76 82 26 33 50 52 55 34 14 48 29 24 16 32 6 71 84 70 21 74 65 49 75 57 12 77 95 37 11 63 35 72 91 22 2 54 36 81 9 46 78 27 3 94 41 39 67 8 53 60 90 69 59 20 100 18 83 5 61 62 87 98 99 25 23 4 79 73 93 51 44 43 88
1 32 98 56 58 48 47 96 53 72 17 73 68 62 8 92 63 34 65 24 39 55 59 71 30 89 18 38 33 84 51 13 95 54 23 50 97 83 28 94 79 86 7 49 44 31 70 9 4 29 64 22 87 99 5 11 76 81 19 52 46 61 10 75 78 45 91 93 66 2 15 80 21 20 35 16 57 41 69 36 37 25 26 42 27 82 90 74 3 40 85 67 14 100 60 43 12 77 88 6
3 2 49 88 68 84 77 40 58 41 28 23 34 11 33 89 47 13 81 18 97 24 98 83 1 90 67 19 75 87 70 6 100 79 59 25 55 54 26 20 57 29 7 36 82 30 80 38 8 73 63 46 48 5 64 43 12 16 91 35 93 51 92 65 56 27 44 99 50 95 21 71 32 31 53 76 85 94 69 39 10 72 42 86 52 14 66 17 74 78 96 37 22 60 62 45 15 61 9 4
97 35 79 44 34 22 11 87 89 13 100 86 93 68 69 5 3 21 90 99 59 26 24 62 84 19 66 14 53 67 38 16 58 96 82 85 92 77 74 29 36 60 33 73 12 40 80 39 45 30 27 63 55 6 9 78 43 32 57 98 64 65 42 10 2 75 17 95 20 54 47 50 94 25 18 61 23 28 70 88 83 52 49 41 81 51 76 56 31 4 37 15 46 72 91 1 7 71 48 8
35 42 91 60 20 14 41 86 58 83 31 23 95 30 28 72 62 52 13 15 40 26 85 9 21 98 100 64 50 19 76 71 51 90 25 27 47 57 53 6 78 3 82 49 32 16 45 80 56 24 29 92 68 96 79 12 84 81 48 1 99 55 18 67 70 33 36 10 65 17 11 63 37 4 88 7 93 87 75 94 8 34 73 39 77 5 22 89 38 46 54 43 74 97 66 59 61 2 69 44
7 36 92 28 10 20 96 80 16 34 42 78 27 32 1 73 18 90 54 26 55 100 62 11 22 61 48 66 91 89 21 5 30 58 57 38 63 12 37 77 97 59 52 45 8 72 50 64 86 39 4 95 40 81 3 65 17 19 47 15 23 29 74 14 83 53 93 9 70 2 71 98 24 44 67 25 76 31 60 51 75 33 94 85 99 43 35 84 79 56 46 82 69 13 6 88 68 41 87 49
72 60 85 75 27 91 49 87 90 18 61 11 67 17 86 71 97 84 65 48 2 96 32 46 15 59 93 16 39 55 21 7 38 68 40 25 95 36 12 13 19 30 47 54 69 24 6 42 41 4 26 76 44 22 23 77 37 8 31 82 53 45 100 78 73 29 9 52 98 62 63 66 80 51 43 81 35 50 89 1 20 64 3 58 33 74 88 10 5 94 34 92 57 14 83 79 28 56 99 70
68 79 96 77 42 45 49 60 53 31 78 43 89 46 90 41 82 47 74 76 33 34 1 81 25 73 91 50 85 57 4 51 72 99 66 39 36 24 11 27 88 18 55 93 62 12 38 83 92 56 65 35 37 58 8 21 95 44 48 54 100 71 98 26 70 29 64 15 14 9 22 94 13 40 7 23 2 17 32 6 80 61 3 97 63 19 5 10 30 75 20 69 87 59 67 86 84 28 16 52
55 58 90 71 9 46 18 74 56 67 89 69 62 10 34 26 43 94 83 78 19 42 91 41 76 53 63 99 88 51 98 50 44 73 93 84 100 85 59 38 96 86 5 8 33 32 2 11 95 35 4 48 66 3 30 49 57 52 40 22 17 28 14 37 82 75 6 21 23 97 61 20 15 87 7 36 27 60 29 65 70 47 80 13 68 16 25 31 72 1 54 45 39 81 12 79 64 92 24 77
13 91 25 46 100 11 4 69 20 88 24 65 43 77 35 99 94 45 51 85 41 62 49 39 72 81 40 57 48 84 96 19 23 9 14 68 64 70 6 16 66 87 7 52 26 34 97 76 33 50 47 31 90 3 27 1 37 10 80 83 58 93 86 56 42 75 32 55 2 95 92 61 28 63 67 53 12 30 71 74 98 79 82 21 78 38 29 44 22 54 59 60 15 18 36 8 73 89 5 17
20 51 93 36 2 37 57 83 25 64 92 68 21 67 48 22 14 77 1 17 85 39 16 38 53 41 95 49 56 3 10 12 26 96 100 30 13 55 54 40 52 19 45 59 99 46 69 89 34 81 32 65 63 24 5 4 61 28 44 33 71 58 76 42 29 73 62 84 31 98 18 94 75 9 72 23 78 82 6 91 60 86 50 15 7 47 87 66 8 43 80 11 88 27 74 70 79 90 35 97
13 56 91 64 27 66 53 98 81 79 100 18 75 61 52 82 41 28 4 45 65 95 5 89 78 25 47 16 44 50 55 74 33 1 38 51 99 49 32 26 2 8 93 54 11 35 60 58 10 72 97 43 3 77 36 14 12 70 87 29 9 92 67 6 15 31 88 20 23 24 96 69 21 85 94 80 46 19 7 37 48 62 30 34 22 40 17 73 39 59 57 71 68 90 86 76 63 42 83 84
21 43 54 33 93 32 4 67 24 17 44 42 95 46 76 84 80 15 96 99 23 59 60 72 16 97 85 13 35 74 7 64 30 81 71 18 53 1 49 90 82 5 22 34 31 20 14 10 6 39 38 9 62 56 65 79 61 94 77 98 52 27 73 57 28 89 92 40 70 45 37 2 100 50 48 55 19 91 47 8 88 83 78 41 63 25 51 66 12 86 87 58 69 11 3 26 36 29 68 75
30 40 52 69 58 55 99 26 29 15 37 82 86 2 59 31 28 91 22 25 45 67 27 78 17 87 42 4 6 57 14 32 43 96 63 97 1 10 23 100 51 53 24 83 20 44 85 72 70 11 68 39 84 49 12 93 50 13 33 5 79 76 89 65 38 71 92 54 95 35 7 80 46 18 60 41 19 8 94 21 90 3 74 66 48 16 61 88 81 34 56 73 62 75 47 77 9 64 36 98
53 31 60 63 79 80 28 21 32 67 86 36 90 22 35 20 76 82 52 41 78 42 46 85 50 97 24 83 49 25 94 45 99 57 71 34 1 7 74 37 44 70 88 69 84 47 54 58 18 48 81 68 65 100 43 12 64 38 75 73 59 72 51 13 2 98 9 77 33 95 61 8 66 5 14 26 6 56 62 3 10 15 55 11 87 27 93 40 30 92 19 89 17 29 16 96 4 39 91 23
90 70 35 58 12 84 87 27 36 20 80 17 34 85 43 68 52 94 78 99 3 95 69 1 56 21 49 82 65 76 4 86 30 10 97 33 46 41 31 73 88 75 44 60 18 32 28 89 8 62 39 54 22 13 24 5 66 74 7 79 45 81 26 19 16 92 67 83 51 14 63 2 23 48 61 9 25 55 38 53 71 29 57 40 77 59 96 50 15 100 42 11 6 93 72 37 91 47 98 64
20 62 94 26 13 12 48 43 29 66 31 82 88 86 42 14 71 45 37 75 1 6 11 35 30 84 36 76 55 10 54 33 98 90 53 46 27 79 47 28 7 60 78 87 52 64 85 24 9 93 68 2 4 67 19 73 81 96 74 25 38 32 17 51 8 99 21 69 61 80 15 77 89 40 18 91 100 22 39 72 23 83 92 59 57 49 41 58 50 16 56 5 3 95 97 44 70 34 65 63
68 73 6 23 49 1 41 31 38 100 97 19 46 16 25 92 60 3 11 57 70 83 90 24 50 8 62 15 76 77 48 4 66 18 84 14 32 98 67 78 2 72 36 54 30 58 40 17 85 93 71 21 81 43 80 59 75 33 20 53 42 5 51 45 96 55 61 9 35 91 99 12 29 52 74 88 7 34 37 28 69 10 82 94 26 56 47 39 79 22 95 86 65 64 44 27 87 89 13 63
13 80 86 20 73 74 30 37 68 69 62 78 84 44 94 92 99 19 2 1 45 87 100 43 93 75 67 95 49 42 77 96 59 24 90 32 88 17 27 29 70 46 97 7 10 14 28 61 58 81 25 48 38 54 22 91 52 50 79 76 66 82 57 64 33 16 65 15 31 89 51 12 47 53 9 39 41 11 8 3 98 6 23 71 85 36 34 4 18 35 21 26 5 83 55 56 72 63 60 40
70 35 22 92 30 23 2 88 56 10 62 33 28 14 32 51 69 15 3 26 84 48 66 25 77 67 73 74 82 47 87 40 68 90 58 85 19 45 38 99 17 64 98 29 60 95 44 96 76 49 72 50 75 78 16 86 8 6 37 79 20 91 80 52 1 18 93 24 7 4 59 42 71 54 46 9 65 34 94 13 55 43 89 61 63 11 36 5 53 83 41 81 57 21 27 100 31 97 12 39
8 57 13 95 69 60 10 80 41 83 76 42 52 82 30 89 73 99 15 66 43 47 72 63 6 75 65 18 86 12 70 67 20 55 33 50 1 3 40 51 23 71 93 22 78 74 36 7 5 85 39 98 81 62 79 46 14 44 26 45 21 84 9 61 100 11 96 48 32 58 31 34 38 4 19 53 24 54 90 88 28 77 91 97 17 49 94 37 35 25 27 29 16 64 87 59 56 68 92 2
76 31 13 53 83 50 47 52 29 39 96 78 45 10 17 36 28 84 9 62 40 44 65 3 69 92 55 42 4 81 35 80 26 68 58 2 93 87 32 16 99 27 70 51 77 1 49 75 38 43 37 18 33 48 11 54 12 66 74 14 71 23 8 19 73 89 59 91 46 86 6 64 15 94 60 21 97 61 5 24 30 88 90 25 7 57 82 85 72 20 63 95 22 56 41 67 100 98 79 34
43 82 88 45 69 1 75 60 36 5 62 11 85 94 7 25 4 72 67 64 18 2 81 38 14 77 8 89 54 29 53 9 47 84 93 68 57 100 19 79 74 98 70 34 32 10 76 51 42 15 44 30 22 95 90 6 59 41 28 65 99 24 86 73 91 55 35 61 87 58 80 26 66 48 13 46 17 40 56 63 39 16 20 83 37 92 50 21 27 3 97 96 31 23 33 52 12 49 78 71
65 12 68 75 95 32 46 36 17 18 81 64 21 29 70 38 79 7 73 19 25 33 27 92 72 100 82 5 37 4 53 40 49 43 30 57 77 48 35 83 16 60 10 42 31 87 50 88 61 71 8 13 74 55 9 97 20 67 26 94 66 85 45 47 93 63 52 90 62 22 2 15 98 1 3 69 56 14 89 78 96 84 28 99 44 34 80 58 86 59 76 41 39 91 54 11 6 51 24 23
39 90 77 80 28 59 97 100 5 91 94 26 33 34 10 4 95 38 75 98 17 23 88 22 83 86 53 1 2 18 36 16 20 73 62 7 32 49 13 12 96 50 43 6 70 85 14 40 11 31 51 24 48 42 67 82 27 72 46 47 19 69 84 60 44 29 65 92 57 78 81 25 37 21 89 56 58 45 64 15 61 54 35 9 71 41 74 55 3 68 8 30 99 87 79 93 76 66 63 52
71 4 8 60 52 3 35 39 42 76 45 12 69 58 99 36 17 23 19 63 82 87 93 78 86 88 67 25 77 31 62 66 5 40 68 51 29 2 55 48 30 53 75 28 9 96 56 34 50 70 10 100 74 41 97 84 49 46 24 73 90 11 33 37 44 61 32 1 54 80 26 85 18 43 83 20 13 64 89 98 38 21 47 27 16 81 22 92 65 6 72 95 94 79 14 15 59 57 7 91
91 32 10 88 72 74 99 98 6 48 13 73 51 18 100 36 2 77 92 79 14 85 75 56 76 64 7 65 93 86 89 82 25 9 19 61 59 15 35 46 38 16 22 30 1 78 20 29 53 42 49 60 62 23 63 41 81 24 54 68 47 8 33 55 87 31 34 4 3 21 44 95 40 71 66 12 28 37 97 67 17 50 43 69 5 11 39 26 52 94 45 90 57 84 96 80 70 27 83 58
56 7 75 49 98 69 43 99 60 24 44 83 46 47 70 18 45 13 50 41 11 30 26 35 91 33 74 79 87 42 34 9 39 25 22 29 52 37 31 95 3 80 23 36 8 1 81 64 12 14 62 97 4 27 71 100 58 10 51 2 32 92 85 86 40 78 73 20 67 6 38 77 76 15 53 84 48 72 93 5 61 88 28 16 68 66 90 59 96 17 65 19 21 54 94 63 89 57 55 82
95 46 5 94 58 14 23 15 18 30 26 33 22 51 1 9 28 31 91 79 86 38 68 39 60 37 64 47 29 34 13 53 81 48 92 43 59 71 49 45 2 66 21 40 88 77 78 96 20 55 89 50 62 12 10 19 76 35 93 8 99 17 90 41 4 54 100 56 44 82 63 6 52 42 84 98 57 75 32 27 36 87 24 69 85 16 3 65 61 97 67 73 7 74 70 80 25 11 72 83
68 10 15 7 52 4 87 12 54 31 93 83 56 63 42 3 13 25 95 61 57 46 24 88 75 79 94 76 59 23 34 2 51 30 71 43 81 16 50 29 96 41 74 44 21 90 40 14 66 18 36 47 9 80 67 26 64 20 5 89 85 86 91 78 37 28 45 49 33 35 62 8 77 97 38 60 1 6 92 99 55 69 100 22 70 48 19 27 65 82 11 58 53 73 39 17 84 72 98 32
67 100 41 59 49 53 72 19 20 87 10 31 6 56 7 82 11 83 33 14 58 24 32 52 68 43 85 97 54 42 66 8 50 74 62 21 4 28 73 80 69 93 40 35 96 45 92 44 13 18 71 78 34 70 55 37 17 61 63 95 9 38 77 23 86 22 75 65 76 15 51 26 1 27 84 89 5 47 64 30 91 39 81 79 12 94 46 88 36 3 29 98 57 25 48 60 16 2 90 99
88 24 6 73 89 46 55 48 29 47 35 51 64 79 18 74 87 12 68 91 21 59 86 38 53 3 23 63 45 80 54 92 37 34 65 2 22 50 60 42 52 30 1 70 82 39 15 27 95 75 26 25 19 94 36 93 84 83 71 28 69 40 20 66 78 72 17 100 41 49 5 8 11 16 58 97 57 77 10 85 67 90 7 44 31 61 14 32 33 43 98 76 96 56 62 4 13 99 81 9

# Women's preferences
28 17 46 47 27 52 29 37 42 88 13 58 4 18 82 11 20 74 34 6 33 36 50 91 35 66 73 71 64 63 98 86 10 84 89 23 5 49 24 79 12 99 90 81 22 83 16 14 94 62 53 93 56 41 1 15 32 3 59 51 57 30 80 21 68 54 39 69 43 60 95 25 92 9 87 77 26 45 55 7 72 65 31 8 96 85 76 67 2 48 38 44 78 100 61 97 19 70 75 40
97 58 2 78 87 64 72 53 1 67 4 92 71 29 66 23 89 35 37 88 100 62 86 45 79 10 91 39 8 28 50 13 15 14 3 26 18 57 65 60 46 90 21 12 30 34 73 24 54 52 70 81 74 33 11 5 98 43 61 96 51 75 47 99 63 93 36 7 76 42 20 38 82 83 6 32 55 77 41 94 49 69 84 25 17 19 16 9 56 80 68 22 85 95 48 31 59 40 27 44
28 22 77 60 52 93 2 61 6 8 51 76 29 24 96 73 12 45 18 21 100 27 32 99 97 37 7 88 3 40 80 68 78 89 74 44 14 62 15 91 75 67 58 31 54 42 84 59 69 92 19 20 50 1 17 95 98 63 94 55 9 82 86 25 79 39 33 72 71 43 26 81 5 47 87 16 13 90 36 85 70 66 65 38 11 46 10 83 34 30 57 23 4 49 35 41 64 48 53 56
91 99 98 47 32 13 44 45 88 53 52 84 95 2 56 38 86 29 41 75 17 7 37 10 57 33 6 16 72 70 40 28 94 36 100 68 79 54 31 46 35 64 8 48 65 85 21 11 1 55 66 67 30 82 34 77 60 15 71 19 80 62 59 83 26 24 4 63 96 23 89 22 12 39 58 92 93 14 61 25 50 69 9 87 27 49 51 74 90 78 81 97 43 20 18 5 73 3 76 42
19 18 7 12 72 35 87 40 43 62 85 78 70 61 55 47 52 74 67 99 4 20 71 84 58 94 63 76 34 15 88 75 95 96 100 89 49 77 82 8 60 1 57 46 81 26 22 25 86 68 44 97 41 5 2 30 3 33 66 17 11 29 27 42 65 14 10 48 16 53 64 28 9 38 69 36 21 31 6 93 13 73 24 50 98 56 80 91 32 54 23 79 51 39 92 90 45 59 83 37
74 34 78 39 17 97 55 56 63 80 87 52 99 43 45 11 65 69 64 19 62 73 16 20 38 10 37 46 68 75 72 24 18 5 79 30 47 70 42 71 51 84 76 58 23 61 60 15 8 28 93 35 91 88 96 41 36 59 21 53 95 33 27 6 66 22 13 29 9 25 44 2 4 54 3 12 81 31 48 32 26 49 86 1 77 98 100 40 89 50 14 94 92 85 83 67 82 7 90 57
99 23 10 9 56 45 13 92 73 81 44 28 85 77 93 46 24 17 87 74 96 54 6 69 68 89 33 37 52 7 60 95 70 1 29 12 21 59 25 39 98 50 67 4 35 14 86 83 22 47 15 90 61 19 53 63 71 62 34 88 72 51 42 41 36 100 43 57 84 5 27 97 20 26 38 64 48 18 8 11 80 32 55 31 40 16 79 3 94 2 91 76 65 30 82 66 49 58 75 78
4 68 63 7 78 91 6 19 41 87 92 86 15 18 36 48 53 29 44 64 14 98 34 2 70 12 30 21 16 45 81 74 17 28 58 80 66 8 83 67 5 38 42 76 94 25 52 50 27 99 32 24 54 95 73 90 1 75 88 13 31 46 9 43 10 84 72 37 59 40 60 100 33 23 71 85 69 77 39 96 89 93 3 97 20 56 79 65 55 57 61 22 49 51 47 11 62 35 26 82
36 56 44 7 82 81 26 70 66 90 59 100 18 99 16 43 97 78 23 48 54 72 89 10 3 6 31 41 20 30 21 57 58 17 38 84 4 86 61 80 37 29 8 85 62 32 64 9 46 52 24 77 93 28 47 73 42 60 34 71 75 95 5 13 68 63 87 1 79 94 27 35 19 45 74 14 98 53 40 96 49 69 65 39 33 88 22 55 25 67 11 76 91 51 50 92 83 12 15 2
5 85 17 82 54 30 42 96 20 14 98 12 11 37 50 45 38 81 60 57 73 56 51 83 74 22 27 70 97 80 72 9 92 33 34 10 93 19 64 7 86 28 23 6 40 26 69 39 15 29 89 76 71 75 3 24 62 2 21 65 66 87 77 25 53 95 58 90 32 36 68 16 4 18 84 59 1 13 43 46 8 79 100 52 47 31 41 91 88 48 94 55 99 44 61 63 35 67 78 49
95 14 47 65 27 92 79 45 3 6 40 54 71 53 8 42 97 62 59 66 96 11 33 2 23 22 51 31 36 60 5 64 32 46 19 10 52 78 57 99 26 7 68 58 39 90 76 85 70 24 50 21 28 94 55 13 35 87 4 20 1 67 37 81 41 17 48 80 25 84 73 75 91 38 15 34 88 30 56 72 93 49 44 83 9 77 74 29 43 89 12 63 82 69 18 98 16 100 61 86
34 56 46 65 69 5 77 72 70 30 36 66 14 2 58 41 49 9 54 15 32 29 80 6 20 43 35 67 89 73 40 95 16 26 50 60 22 33 8 88 12 31 23 53 4 11 63 64 81 97 79 92 74 82 91 47 24 1 76 84 78 48 52 28 27 19 38 62 57 18 96 59 98 7 75 42 17 13 86 100 25 83 37 68 10 90 93 45 61 87 55 44 99 71 3 21 85 39 51 94
15 44 26 38 47 53 30 95 61 45 25 93 79 57 77 80 12 40 18 31 94 10 5 7 46 85 2 73 22 4 96 97 23 21 32 78 29 48 19 34 54 98 66 100 43 28 60 35 70 20 33 8 59 84 49 55 64 36 65 11 89 14 37 91 6 82 41 58 1 71 86 92 27 16 81 75 67 88 63 68 87 72 51 3 52 99 69 9 42 13 17 74 39 56 90 83 62 50 24 76
90 2 99 44 14 28 30 72 63 84 51 3 94 17 100 80 67 5 71 29 45 40 39 62 24 26 64 6 13 61 31 92 11 75 42 98 36 96 37 23 46 76 74 38 79 34 65 8 68 57 58 88 7 1 60 70 52 77 86 18 50 22 59 47 12 43 9 53 15 95 16 91 93 32 4 49 56 41 20 54 21 78 66 97 85 73 48 25 83 82 35 81 10 27 69 19 89 55 87 33
66 9 74 25 72 47 79 20 7 50 38 63 49 19 84 75 21 89 56 69 4 51 6 52 90 14 85 98 17 68 27 93 5 73 15 42 70 29 97 3 39 34 43 16 23 58 94 28 95 96 48 13 80 1 26 71 45 35 92 61 44 33 99 62 18 86 2 64 88 76 8 22 77 31 10 11 81 41 53 83 12 82 40 30 67 55 36 37 65 60 46 57 24 59 100 54 78 87 32 91
72 15 86 60 21 84 10 92 12 30 64 32 42 6 38 73 50 44 4 25 69 17 36 37 5 49 67 41 75 34 76 40 62 70 31 90 65 58 22 27 82 57 3 19 97 100 85 87 77 74 28 80 23 9 81 96 54 95 71 7 18 88 35 89 55 47 94 48 51 61 29 33 78 91 83 16 53 20 66 68 11 26 63 56 13 2 93 52 24 45 98 14 99 39 43 59 79 1 46 8
40 51 99 71 48 44 68 100 59 75 13 49 73 54 2 39 29 35 81 83 6 82 87 57 9 38 10 7 98 47 53 70 1 93 64 46 21 74 60 23 43 95 18 8 58 50 42 72 33 62 31 28 22 67 89 41 45 77 88 27 69 4 56 12 84 3 85 19 78 90 5 52 17 16 30 94 76 25 92 79 65 14 61 26 97 86 91 34 15 36 96 24 66 20 80 32 55 11 63 37
90 94 55 62 22 46 40 66 24 48 98 57 79 41 97 38 8 89 52 21 43 15 74 30 23 28 7 67 63 1 99 96 72 68 49 36 73 42 29 65 5 59 35 32 93 85 53 4 37 3 19 64 77 18 82 11 2 51 83 60 34 100 31 9 56 92 86 47 45 33 71 54 87 95 91 20 69 26 61 39 44 80 70 10 13 58 88 25 84 76 6 16 78 81 17 14 12 50 75 27
77 75 63 66 54 61 21 9 68 74 16 50 51 35 89 94 25 17 4 43 99 82 62 56 5 72 100 85 22 40 67 39 87 20 90 19 60 92 37 13 64 44 30 12 98 6 31 58 24 28 59 47 95 65 10 26 86 55 52 41 91 70 93 80 76 57 97 73 49 14 96 3 33 23 36 29 46 2 8 88 38 79 53 18 34 71 11 42 48 78 81 45 84 1 15 69 27 32 83 7
92 100 67 64 41 86 27 47 53 39 48 50 13 17 65 68 90 88 45 78 9 71 51 93 84 37 80 31 74 72 33 36 60 34 28 12 85 77 76 24 49 22 87 5 61 59 7 58 52 94 83 82 46 56 63 96 89 15 69 42 23 10 25 55 30 4 29 1 19 54 66 75 38 79 99 6 3 16 81 35 98 8 32 20 97 43 40 21 57 73 62 18 26 11 91 44 95 70 14 2
92 95 38 85 70 37 33 57 21 40 35 48 96 13 83 84 34 26 39 67 87 66 5 63 6 20 45 44 3 49 22 7 91 52 28 60 25 75 61 51 73 15 88 16 27 58 10 72 98 56 79 59 23 4 8 9 65 99 100 2 89 14 1 47 31 97 29 68 80 11 81 30 74 76 86 77 69 90 71 54 93 32 18 43 82 78 53 62 55 64 41 46 50 24 17 42 12 19 36 94
31 47 79 69 38 33 100 45 82 84 99 6 57 81 46 87 77 36 76 70 64 93 61 43 27 44 66 54 32 9 86 3 85 56 98 1 14 48 75 94 58 19 16 90 22 39 80 95 50 7 18 13 73 96 68 72 4 11 25 53 26 63 42 41 62 60 10 24 89 29 97 52 28 17 49 67 12 35 91 88 30 40 92 74 34 71 59 55 51 2 21 65 23 78 5 83 8 20 15 37
42 3 43 41 25 22 40 85 61 98 8 55 54 74 79 33 46 34 26 15 39 57 14 13 90 73 2 16 72 100 35 9 29 96 68 75 59 87 45 53 23 24 37 18 95 48 83 89 82 86 63 32 70 51 97 36 91 71 69 66 1 52 7 64 92 10 27 31 50 6 56 47 94 77 17 58 44 80 78 67 65 93 19 84 28 30 12 81 11 60 88 20 21 38 5 99 62 49 76 4
47 58 13 79 57 1 16 33 19 67 23 32 35 68 8 27 40 99 53 100 82 30 78 89 34 74 22 7 84 46 75 94 64 55 77 42 65 71 6 90 17 18 54 72 2 48 76 66 62 70 81 4 25 93 39 3 37 98 80 97 95 31 85 20 5 59 36 15 61 28 63 44 41 9 43 96 26 56 51 91 24 11 14 87 69 83 88 92 45 12 86 60 50 29 10 52 73 21 49 38
7 77 37 81 16 74 6 18 87 63 9 91 78 38 43 39 50 83 26 31 3 4 60 29 10 21 14 88 65 44 55 90 84 40 89 11 36 61 24 46 52 12 57 72 85 73 35 71 23 51 68 30 100 32 69 8 56 99 33 62 80 92 66 47 48 93 79 27 45 76 49 22 70 54 25 28 5 13 75 82 17 58 1 67 34 53 15 97 64 19 59 20 2 41 98 95 96 94 86 42
72 69 92 94 46 70 32 39 10 62 87 44 24 95 42 63 82 73 13 27 3 18 23 74 30 77 19 55 38 79 84 76 50 6 14 64 99 36 17 96 59 68 8 33 57 7 98 58 11 91 21 97 12 47 86 100 9 28 85 93 52 75 78 66 25 90 80 56 22 43 41 67 88 20 4 2 5 81 89 31 54 40 34 35 37 65 29 48 1 51 83 53 60 45 16 61 26 15 49 71
28 50 6 92 100 91 61 38 18 57 25 52 70 72 87 60 32 30 89 65 9 26 78 69 42 5 45 46 7 29 4 97 88 71 33 44 68 80 2 48 90 74 17 85 99 62 35 56 40 31 23 22 8 94 55 39 67 86 43 83 66 1 20 84 21 58 41 49 54 79 73 76 95 53 96 63 13 51 27 47 64 10 12 24 34 37 98 93 16 77 59 15 14 75 82 3 81 19 11 36
29 82 6 59 98 31 86 2 91 96 69 94 88 13 44 17 7 60 11 87 32 39 34 3 70 85 20 57 97 18 65 71 42 19 25 81 36 64 67 37 30 54 74 47 45 49 1 8 61 10 62 24 43 84 79 16 23 92 72 28 21 52 12 15 4 100 83 68 38 53 33 66 5 95 90 9 48 46 73 26 89 50 78 99 80 41 35 77 55 58 56 63 93 27 22 40 76 75 14 51
71 12 73 33 38 10 43 65 30 27 48 58 86 91 18 14 32 46 25 76 49 19 34 50 100 55 84 29 26 42 23 22 67 88 20 92 8 82 90 56 63 35 62 79 85 72 57 28 47 94 21 66 81 93 53 4 15 2 87 40 80 24 78 16 70 59 77 51 7 64 75 11 89 45 41 36 39 54 13 61 9 96 95 44 6 68 69 5 52 17 97 60 1 99 83 98 37 3 74 31
96 86 49 52 45 93 21 24 39 75 78 19 1 70 6 35 15 36 51 22 61 73 55 54 43 67 97 3 48 4 9 23 62 98 31 81 53 99 57 90 16 91 94 30 87 7 42 37 69 76 95 82 18 5 58 26 80 13 33 71 56 74 79 47 100 17 77 65 20 59 40 41 66 68 89 44 14 63 25 50 60 84 2 28 8 64 88 10 27 83 85 32 72 46 11 92 38 34 12 29
63 90 91 85 25 3 38 97 79 57 18 26 98 73 65 82 6 60 100 70 99 94 46 39 4 75 8 41 54 34 19 42 23 77 49 50 17 58 2 47 28 62 43 66 10 30 71 12 53 89 44 21 11 16 61 55 20 48 86 40 84 59 33 24 76 1 68 37 45 72 22 27 64 87 81 95 78 51 52 80 92 36 13 69 9 31 35 74 5 96 93 29 15 32 83 7 88 14 56 67
75 31 48 84 54 17 50 68 90 9 60 6 57 98 21 24 73 70 83 72 16 61 79 33 41 7 100 97 44 52 63 5 76 80 59 11 69 81 55 42 71 10 78 1 51 87 89 37 30 28 8 40 22 65 66 92 86 13 20 18 93 38 26 96 45 34 23 58 36 14 49 25 12 27 47 56 74 32 4 64 99 94 29 53 19 3 82 95 88 35 15 62 77 85 67 43 91 39 46 2
68 58 22 88 79 4 8 14 12 97 37 89 67 47 53 3 70 78 17 15 1 92 31 86 63 66 10 19 80 35 95 64 91 16 20 94 6 43 41 36 2 65 62 27 48 59 49 30 81 93 44 74 21 45 96 85 9 7 28 72 57 51 25 24 60 69 98 90 84 83 71 54 76 33 26 18 99 42 100 73 23 40 77 39 34 13 52 55 50 82 87 32 46 61 5 29 38 11 75 56
3 30 21 73 84 47 6 49 93 24 68 74 76 52 48 42 79 5 78 96 91 70 23 25 37 83 22 50 45 94 38 7 34 97 36 62 75 56 33 11 59 46 71 2 41 10 28 66 58 43 92 44 86 60 17 35 55 54 69 53 12 31 100 88 77 8 51 57 65 4 61 14 99 32 13 98 16 89 85 9 15 26 80 63 1 40 81 39 20 82 87 29 18 64 95 72 19 67 27 90
33 10 48 28 57 69 14 37 35 22 41 30 99 72 77 74 56 75 78 19 67 13 64 84 63 71 6 1 81 82 83 70 29 76 58 8 86 4 79 90 25 12 87 16 53 94 31 80 32 52 43 7 15 11 47 55 95 3 5 26 54 40 38 89 42 17 34 88 91 24 61 49 62 85 51 39 96 100 97 44 73 98 20 23 9 66 50 68 45 27 92 65 46 21 2 36 59 93 60 18
88 28 41 60 21 56 50 58 93 6 94 12 29 90 79 3 43 36 87 38 75 82 51 42 52 30 7 100 14 48 63 91 76 31 8 45 80 26 20 33 40 34 84 37 59 71 54 69 96 23 77 99 85 19 92 62 2 22 35 66 4 15 32 16 98 39 67 17 11 89 49 55 57 9 95 72 78 46 65 61 74 97 25 64 68 83 24 44 10 70 73 53 47 1 18 5 27 13 86 81
36 2 31 94 82 72 24 33 96 52 11 43 74 86 77 10 53 91 87 40 75 81 32 25 51 61 42 76 34 63 20 41 70 90 23 21 47 19 12 92 9 44 95 60 58 54 80 37 99 73 98 27 67 1 38 97 68 66 83 59 28 22 13 46 48 16 57 15 18 55 89 100 79 50 7 88 71 85 49 78 69 26 4 8 3 30 39 62 56 45 84 29 65 64 5 14 6 93 35 17
87 42 37 54 81 72 88 65 100 70 10 32 21 93 33 41 52 29 26 1 77 89 62 13 6 9 45 51 83 24 34 44 99 85 60 7 55 47 68 90 46 86 61 38 17 22 73 2 23 66 56 97 20 58 4 76 28 43 12 25 14 98 92 82 69 49 79 78 74 75 8 95 39 50 96 35 84 64 3 15 59 57 31 5 19 48 16 94 71 40 30 67 18 27 11 36 63 80 91 53
49 13 26 45 50 76 48 74 84 55 20 31 6 40 70 18 27 78 1 32 10 25 54 77 14 22 90 66 80 37 87 52 63 81 58 89 65 43 16 39 83 35 67 59 91 47 69 51 4 15 88 99 61 21 38 29 56 33 44 12 93 98 86 68 7 19 96 30 17 64 100 79 97 24 92 9 41 71 36 11 75 8 53 28 72 82 62 46 5 94 2 95 3 60 57 23 34 42 85 73
94 79 51 72 18 26 55 2 12 1 63 76 37 13 44 42 90 17 32 100 3 4 40 83 82 34 86 88 39 19 77 43 58 9 64 53 84 56 31 46 87 33 36 23 6 70 27 47 81 60 91 8 48 21 30 15 24 50 52 62 22 99 59 38 25 35 97 57 67 80 61 7 68 16 69 54 71 74 65 73 29 10 11 89 20 85 5 93 49 98 45 95 75 96 92 66 41 28 78 14
70 23 63 91 43 84 82 74 48 45 8 13 85 36 3 75 86 57 65 35 9 87 77 90 26 59 27 2 99 79 41 39 96 54 19 28 51 49 40 34 37 97 95 32 64 15 7 67 60 47 33 12 29 21 25 30 42 80 92 61 69 1 71 20 11 24 18 62 83 98 73 53 58 88 94 6 14 78 76 81 44 16 38 31 72 52 93 46 55 50 68 66 100 10 22 89 4 56 5 17
14 39 40 32 90 50 73 23 100 86 31 29 8 2 54 76 20 78 83 53 84 10 26 24 92 43 62 35 52 42 81 61 89 9 82 88 49 79 99 60 91 7 28 3 58 45 65 93 44 72 87 41 30 68 95 33 97 21 5 47 96 51 85 11 46 75 36 18 12 34 64 56 80 16 15 38 59 17 67 57 55 74 37 98 48 94 63 1 25 69 70 6 77 4 22 66 71 27 13 19
35 69 64 40 25 61 31 93 9 43 59 12 73 95 88 100 1 5 11 71 20 78 67 7 48 6 89 8 66 34 10 3 22 97 84 53 49 96 75 28 80 26 50 47 57 65 21 36 4 76 14 33 18 19 2 16 44 27 94 74 56 52 91 83 17 87 99 72 41 60 23 79 55 32 42 58 54 37 15 29 13 92 98 70 46 77 51 81 90 63 86 38 30 39 24 85 68 62 45 82
80 23 15 29 91 82 57 22 75 45 40 12 73 97 79 19 24 55 36 42 34 58 41 70 9 59 77 8 85 83 81 25 31 67 50 60 74 18 44 56 62 90 78 20 84 13 26 95 54 7 64 76 66 93 1 87 27 61 99 46 47 33 72 10 11 89 17 52 49 16 35 86 88 96 4 39 37 94 6 63 98 65 14 68 3 5 2 32 71 28 53 43 48 100 38 30 92 51 69 21
38 26 82 37 2 51 39 15 23 96 92 57 86 60 100 54 85 12 98 17 56 70 59 4 10 49 75 14 18 55 24 58 68 65 88 50 3 66 29 94 74 84 34 87 69 9 25 93 45 28 7 6 47 48 36 77 31 46 80 21 16 71 62 41 78 90 91 35 1 89 42 5 20 44 99 53 33 64 8 30 73 67 61 79 52 97 95 32 76 63 27 22 72 13 11 81 19 43 40 83
93 49 94 78 57 24 39 91 4 28 74 19 95 80 66 63 32 65 73 71 30 44 33 16 6 27 56 98 86 3 46 15 89 11 51 31 50 58 64 100 70 83 67 34 76 53 99 62 12 18 14 47 7 10 38 5 81 82 42 35 84 17 79 52 48 88 55 37 36 87 96 75 29 72 45 90 21 77 60 8 85 43 59 69 13 26 25 40 1 9 97 20 23 54 41 2 61 92 68 22
13 86 94 44 88 8 34 66 35 10 38 75 9 21 46 99 93 15 64 50 14 100 27 6 43 76 5 71 29 20 84 79 67 62 77 12 32 30 73 70 37 81 41 51 58 98 53 69 31 52 54 42 3 18 39 65 87 17 61 24 59 7 96 40 1 74 80 89 26 2 95 48 49 25 85 97 55 83 60 47 4 23 45 91 90 16 33 63 57 72 56 19 92 36 82 22 28 78 11 68
22 39 59 37 81 5 85 49 79 76 97 31 33 55 43 17 88 75 46 3 56 66 82 28 10 48 29 34 7 32 93 27 68 96 18 61 89 91 4 73 92 13 42 71 20 74 63 62 30 64 58 14 77 51 87 50 99 41 38 21 80 84 47 24 100 15 69 70 12 60 44 16 45 72 83 40 1 94 53 90 26 78 36 6 57 23 11 35 19 65 25 9 8 95 98 54 52 86 2 67
53 95 52 8 33 78 4 47 84 41 50 39 36 89 55 51 92 32 68 10 57 74 6 1 98 13 19 9 25 100 69 59 82 3 56 43 64 62 80 17 16 31 26 86 97 38 93 40 29 81 72 77 91 30 11 20 23 94 7 58 70 63 22 79 54 21 2 46 14 75 99 49 73 48 42 76 85 18 61 24 67 15 5 87 60 28 34 96 66 12 35 71 65 90 44 27 37 88 83 45
94 25 66 68 44 4 46 59 65 78 8 82 19 30 7 70 93 69 64 54 75 29 47 10 57 34 6 83 36 96 76 77 89 14 3 87 58 9 53 74 84 67 97 85 33 22 92 95 16 79 91 63 15 2 38 86 43 73 99 5 35 100 98 55 37 42 52 18 41 17 50 81 90 60 49 80 28 51 71 61 13 45 21 62 1 48 72 88 20 32 12 56 27 31 24 11 40 39 23 26
36 40 70 89 75 91 81 68 49 76 83 10 31 25 38 9 14 16 66 5 53 80 33 6 57 13 73 42 37 71 41 85 64 72 21 29 46 27 100 45 12 18 35 95 60 51 22 94 17 54 67 97 62 24 79 32 56 8 3 19 30 4 28 96 26 92 44 1 20 11 98 77 87 23 93 47 69 43 61 48 99 58 78 15 82 34 90 39 7 55 52 86 84 63 2 59 88 50 65 74
68 4 17 91 95 72 77 20 42 8 64 23 10 58 29 54 100 53 13 80 71 46 16 26 40 75 37 12 38 89 87 60 31 88 35 22 98 50 62 5 63 47 57 45 85 76 21 41 81 30 67 73 9 43 59 51 2 14 27 1 18 19 96 69 92 6 65 78 90 36 86 28 61 83 48 7 32 70 99 79 94 34 74 25 15 56 97 84 33 24 3 52 55 39 82 44 11 93 66 49
36 82 2 70 9 61 96 76 64 42 94 25 84 66 10 85 78 5 8 34 55 79 57 14 81 65 92 95 48 6 74 62 91 1 40 86 12 11 29 19 30 32 45 71 26 47 35 33 59 67 77 100 44 43 7 99 24 50 68 18 39 98 27 83 89 53 52 21 23 38 15 88 28 51 13 16 90 17 69 49 31 63 72 37 3 54 56 73 46 93 22 75 80 20 4 60 87 58 41 97
72 22 78 100 13 98 52 37 10 18 69 20 80 62 36 7 16 68 30 11 14 12 6 91 53 40 76 95 45 55 41 49 28 70 33 47 24 3 87 19 82 58 29 2 97 86 39 54 8 35 46 85 88 51 64 94 67 75 34 56 81 63 44 5 1 83 73 99 93 43 15 65 79 89 90 57 32 92 60 74 27 4 9 38 17 42 26 61 23 31 48 59 21 25 66 71 50 84 77 96
89 27 14 65 3 92 98 13 64 59 63 41 6 52 99 87 35 100 16 49 69 78 68 45 95 75 9 54 8 7 71 15 22 93 1 44 66 12 55 46 53 51 32 25 62 94 81 60 72 10 42 23 11 79 31 26 97 56 86 70 84 24 74 2 80 39 28 88 30 33 50 76 91 17 20 83 57 61 82 85 21 40 38 47 96 48 29 4 37 67 19 18 5 77 36 73 34 90 58 43
44 5 2 58 19 52 55 34 3 94 46 87 16 54 80 61 4 15 48 57 65 96 51 11 47 82 79 45 21 66 43 70 22 81 53 18 74 85 50 100 40 77 49 88 42 64 63 28 56 1 37 20 72 76 14 38 92 68 69 31 86 29 75 83 26 10 41 7 13 60 62 91 90 27 8 39 99 17 9 25 12 36 71 35 78 6 23 59 93 30 97 84 89 24 95 33 98 32 67 73
98 66 5 33 89 53 31 44 57 55 63 16 12 6 32 8 3 46 43 15 36 58 78 7 72 45 90 11 38 60 52 56 91 97 19 17 86 13 2 18 99 9 73 59 50 4 77 1 83 49 26 37 93 62 29 100 64 70 23 47 76 81 10 48 85 71 34 94 35 54 87 67 80 75 84 22 51 96 21 42 20 74 27 79 39 95 61 68 41 92 65 40 28 30 14 25 24 69 88 82
1 5 59 25 89 35 7 62 56 60 45 23 73 51 85 6 91 54 83 40 43 19 87 16 71 29 11 66 95 49 31 94 52 65 55 33 63 78 4 75 79 28 27 80 98 67 2 81 50 17 46 96 99 22 24 64 90 30 21 77 14 97 93 58 47 41 9 88 3 38 68 34 70 86 32 92 12 72 26 74 39 76 84 20 53 42 10 18 61 15 37 57 48 69 36 44 82 100 13 8
65 41 6 47 51 85 94 17 22 64 58 62 96 36 16 88 4 49 92 71 33 98 31 32 45 61 53 30 100 72 40 37 66 8 73 54 60 86 90 48 18 28 11 63 13 14 97 15 57 21 5 23 70 9 81 82 76 39 35 79 7 12 67 27 19 25 75 46 26 91 69 77 78 34 99 55 42 29 2 87 50 80 1 38 93 52 3 56 89 68 59 44 74 83 24 10 43 84 20 95
63 75 91 22 71 28 79 53 7 21 58 93 99 74 90 70 37 84 18 67 72 5 38 16 82 77 29 44 88 57 35 96 41 26 64 55 68 92 86 8 51 94 10 34 83 97 60 76 98 81 24 69 43 48 14 85 78 4 73 87 31 45 80 20 17 2 23 32 19 6 42 36 89 61 50 11 30 39 56 9 40 95 46 13 52 100 49 1 3 59 15 66 33 62 47 65 12 27 25 54
2 58 96 8 89 77 23 36 5 65 84 6 48 63 57 69 44 22 56 54 20 51 68 15 50 76 27 35 7 91 72 67 31 45 53 81 98 16 88 55 97 12 73 4 41 25 3 60 10 94 99 28 21 9 49 100 71 59 34 38 83 30 46 43 39 24 93 75 32 14 37 52 90 11 87 19 80 66 29 92 26 74 64 62 13 86 79 47 70 85 42 17 33 95 61 40 1 82 78 18
22 43 82 6 81 32 39 64 12 78 36 87 8 31 21 14 2 23 48 33 63 95 97 1 94 50 5 74 42 84 68 27 90 69 76 100 18 88 28 93 10 54 79 53 41 49 99 7 72 62 75 60 80 85 57 73 35 52 91 61 96 77 37 20 46 26 3 29 19 25 66 51 24 65 11 92 56 58 40 45 89 38 71 16 15 59 30 13 17 70 4 83 55 47 9 34 67 98 44 86
85 72 78 47 50 5 26 58 71 69 84 21 62 88 13 25 100 79 31 80 54 63 43 23 55 1 3 12 9 86 97 81 22 64 17 37 98 48 4 91 60 53 73 24 56 74 66 7 34 15 89 65 32 51 45 46 94 11 38 28 76 41 8 33 49 6 35 44 10 92 59 70 83 39 90 30 61 77 14 68 40 67 96 82 2 42 99 95 19 57 27 20 87 75 93 16 52 18 36 29
3 71 63 68 19 8 27 99 76 88 10 60 2 1 80 55 93 62 72 82 44 58 40 9 39 77 25 34 85 100 49 37 65 48 7 20 97 15 35 95 22 90 64 12 23 26 69 42 92 36 14 11 61 50 17 41 66 30 21 70 94 29 18 32 84 89 46 33 86 96 53 38 13 43 79 24 73 28 4 56 81 52 5 67 74 59 57 83 45 6 51 54 78 91 87 75 47 31 98 16
74 60 7 15 63 22 3 80 48 9 96 45 10 95 86 47 89 94 35 39 72 59 62 87 8 30 49 81 68 33 66 5 23 21 61 43 58 65 91 24 17 25 88 41 100 84 93 98 56 13 37 53 82 27 67 54 31 40 55 2 16 75 1 97 28 78 90 76 70 83 64 4 36 20 71 32 6 57 29 42 11 73 79 38 14 50 18 51 46 69 44 19 34 52 85 77 92 99 12 26
24 59 65 99 29 88 15 44 31 100 81 17 21 52 83 20 78 95 68 91 14 35 42 10 60 37 48 74 75 89 57 54 82 25 26 7 6 96 55 32 2 71 12 70 16 13 11 47 27 34 67 61 5 50 90 38 23 49 85 80 92 1 79 41 87 53 66 30 43 39 69 40 93 28 51 18 98 63 77 4 33 73 36 86 46 97 19 62 45 8 84 94 58 72 3 22 9 56 76 64
6 31 91 41 89 54 18 61 63 21 14 75 53 83 15 49 3 17 93 56 76 47 58 92 46 26 100 33 27 37 62 78 16 90 79 43 59 29 81 36 30 95 98 10 39 74 32 55 11 34 38 12 44 77 7 19 67 52 99 51 66 35 60 5 87 70 85 65 71 57 82 84 20 96 45 28 69 24 64 80 25 23 9 97 86 73 4 40 50 42 94 2 68 1 22 13 48 88 8 72
17 92 20 51 29 59 16 27 61 18 89 31 26 99 90 9 73 19 77 2 66 43 57 13 80 95 22 38 36 10 96 82 83 65 47 1 67 32 84 5 21 15 98 30 100 91 3 45 58 24 54 78 34 33 48 28 97 44 60 53 75 35 88 46 87 86 39 71 93 69 7 41 23 70 74 76 85 12 25 6 68 8 37 64 40 50 79 62 72 42 14 94 4 63 11 49 56 52 55 81
88 23 41 35 75 43 71 65 48 18 27 80 4 20 64 38 76 30 56 53 59 52 50 47 46 57 11 44 1 19 95 94 67 93 74 49 39 87 86 78 40 28 66 5 45 62 12 99 60 84 8 7 54 31 3 68 79 13 32 55 100 91 61 26 73 16 14 34 70 72 96 37 92 97 22 42 69 24 9 98 21 83 15 82 10 29 85 17 58 90 6 51 89 81 2 77 33 63 25 36
77 45 92 85 57 78 38 4 34 60 52 39 6 58 86 62 33 47 36 81 26 7 43 99 70 13 75 65 18 63 55 27 64 68 46 20 28 2 90 11 56 25 12 54 82 51 94 24 35 91 89 31 87 96 23 17 40 32 44 100 84 59 97 66 37 74 61 93 10 83 29 16 76 50 95 73 79 49 1 30 14 98 5 48 42 22 80 3 69 67 53 9 88 15 8 41 71 19 21 72
75 18 38 69 92 87 17 8 73 54 25 86 47 45 29 43 36 85 100 31 37 64 59 15 91 11 66 12 46 62 33 89 63 13 68 95 42 22 78 1 2 6 5 82 79 3 41 72 34 65 55 94 90 32 49 9 96 74 16 30 77 88 10 81 52 20 35 23 76 27 4 57 24 56 67 50 21 99 44 93 26 7 97 80 39 58 84 70 14 61 19 51 28 40 83 48 53 98 71 60
85 59 8 25 36 86 78 14 88 71 56 69 81 79 12 93 31 64 43 7 92 10 68 19 54 1 41 87 5 89 35 37 98 30 50 82 91 28 29 53 70 16 67 4 55 21 94 60 34 80 33 99 17 84 65 27 66 83 40 2 32 52 72 46 77 38 42 26 15 20 51 39 96 23 9 48 11 44 45 73 63 90 58 24 74 75 100 47 76 3 22 62 95 61 49 18 6 97 13 57
26 30 24 89 50 52 73 39 49 38 45 100 36 82 70 65 92 53 22 33 42 27 96 64 5 80 7 47 87 54 91 97 29 61 19 40 94 84 68 77 98 34 90 21 99 55 56 4 67 88 72 51 28 1 57 46 62 76 6 60 81 69 13 18 8 16 85 43 59 79 75 44 78 2 83 12 31 74 20 9 48 23 10 32 14 17 3 15 66 41 93 95 86 58 11 35 37 63 25 71
60 17 72 42 59 20 15 61 43 67 32 96 19 22 31 97 100 18 75 6 50 36 54 7 71 44 5 16 13 95 4 14 35 40 82 28 99 24 53 70 66 79 55 77 83 87 65 49 10 29 52 86 26 51 94 57 69 27 23 89 3 85 38 30 25 74 63 39 90 48 62 46 98 81 34 73 91 78 47 76 41 12 2 58 11 56 80 92 45 64 93 8 9 21 37 33 88 84 1 68
35 27 52 24 29 30 98 95 10 4 8 1 6 65 12 34 100 53 23 26 47 99 43 82 71 93 11 20 5 25 46 7 33 73 88 92 32 39 89 96 66 49 83 57 75 13 59 50 74 22 36 18 51 94 41 60 56 15 45 85 69 14 97 90 70 58 3 9 61 72 76 48 84 37 68 17 77 16 79 55 80 87 86 44 21 81 40 2 63 54 28 64 67 31 19 38 78 62 91 42
45 23 59 91 97 40 1 44 12 95 14 80 3 15 56 89 5 62 17 82 22 51 52 53 33 100 93 76 20 50 6 94 61 28 71 42 86 43 10 24 31 36 47 72 87 79 85 9 74 70 67 57 98 46 13 66 30 18 7 64 84 29 90 21 81 58 75 60 48 11 54 73 4 88 19 27 34 39 2 55 49 32 37 65 68 92 8 38 16 96 77 25 83 26 69 78 99 63 41 35
39 96 81 55 16 99 28 78 56 53 63 69 61 76 22 37 79 48 50 17 86 95 98 10 93 35 91 40 67 47 75 59 11 57 24 87 23 1 92 100 82 14 90 38 13 3 5 36 85 45 46 60 84 32 19 73 33 2 26 43 66 49 25 42 41 65 18 88 80 74 77 6 62 29 7 4 72 94 31 30 34 15 21 58 27 12 71 20 89 51 83 54 68 8 70 52 64 9 97 44
56 12 69 34 99 79 45 67 17 63 62 54 61 8 58 70 23 38 100 82 53 94 48 49 41 10 44 21 35 9 3 85 80 13 97 72 86 57 11 37 25 29 20 46 18 68 88 52 74 1 84 75 5 16 55 71 65 19 90 36 31 32 77 22 51 59 42 98 64 95 43 24 78 2 40 4 66 91 33 93 30 81 83 7 60 47 92 76 28 87 89 39 73 26 27 96 14 50 6 15
68 32 34 81 7 93 33 17 84 67 86 76 42 13 8 75 45 95 100 78 96 3 29 38 14 18 44 16 70 22 54 47 57 40 52 61 80 12 27 82 41 21 10 50 77 59 43 83 11 71 69 30 65 39 66 24 19 72 48 55 46 15 91 63 85 79 1 58 31 25 99 88 35 26 98 37 36 92 6 74 2 23 53 60 56 64 5 4 49 87 51 97 28 20 89 94 9 62 73 90
87 24 9 3 75 100 4 38 76 81 39 82 31 92 36 18 85 61 21 57 44 84 80 37 56 50 79 97 62 96 34 66 55 23 28 83 93 17 40 60 12 52 8 19 46 47 2 13 7 41 35 64 72 58 26 49 16 68 73 5 69 10 32 78 94 88 25 20 59 99 90 53 45 29 77 91 98 86 48 42 95 63 43 30 22 71 33 1 74 14 67 6 70 65 15 54 11 51 89 27
54 14 55 77 68 7 56 94 23 20 67 18 30 86 48 15 41 51 85 46 79 27 43 73 62 64 6 21 26 66 87 82 1 16 50 84 74 89 10 75 76 22 39 69 3 91 19 29 92 90 34 97 8 38 72 83 47 80 35 52 25 37 45 36 60 24 93 9 57 65 100 17 2 88 53 28 58 71 40 42 98 95 78 31 44 99 59 13 81 32 11 96 70 33 61 12 63 5 49 4
93 63 2 84 76 42 40 19 28 29 81 11 30 41 59 83 44 23 25 17 22 95 68 27 97 39 91 35 6 51 7 50 85 37 60 98 31 79 77 57 92 49 47 38 80 43 69 8 100 33 78 66 1 73 45 71 67 20 10 13 64 3 94 15 53 75 88 62 86 48 99 58 26 24 74 87 21 4 16 18 32 65 52 96 46 34 12 89 9 55 90 72 56 36 5 61 54 14 70 82
47 52 1 3 2 14 15 76 13 50 59 69 26 16 41 23 27 92 12 7 71 87 24 73 8 57 94 97 28 42 30 18 91 5 34 61 40 90 70 22 85 74 80 43 46 65 89 88 81 38 45 49 99 32 33 98 55 63 84 39 35 75 20 44 60 68 95 36 96 6 19 11 72 9 54 100 56 10 64 37 67 77 31 21 82 83 53 66 79 62 17 29 78 58 51 48 93 86 25 4
61 76 86 58 15 11 26 40 68 20 50 34 57 99 6 100 65 72 2 43 14 22 97 5 29 66 93 55 78 45 46 3 81 83 56 12 85 8 21 25 47 31 7 39 94 41 28 4 54 63 87 37 74 18 53 90 36 30 80 17 95 52 13 9 1 79 49 91 98 10 33 19 84 69 59 73 35 62 51 88 48 64 24 44 89 77 96 32 82 38 16 23 67 75 60 27 42 71 70 92
95 97 19 81 38 17 26 69 8 54 42 62 68 57 4 9 47 86 11 39 61 37 96 80 51 30 64 99 88 73 5 24 45 60 65 33 43 78 87 85 34 28 84 44 82 18 83 2 52 49 67 25 48 10 66 72 46 91 6 55 7 15 90 58 92 56 40 76 1 14 36 77 23 93 59 100 94 53 32 13 16 63 35 89 74 12 21 98 79 70 27 50 22 29 41 75 71 3 20 31
100 66 39 85 80 48 23 57 14 42 76 38 61 1 65 8 44 32 70 41 24 46 82 54 87 78 51 9 43 25 95 72 13 2 16 73 89 31 36 92 53 37 4 40 6 52 99 94 64 20 27 15 77 18 28 91 59 19 10 79 17 60 83 11 88 71 69 81 90 86 7 84 96 5 26 68 67 75 29 22 21 62 34 97 35 30 98 33 93 12 55 58 56 63 3 49 47 45 74 50
50 69 100 62 30 95 19 96 81 85 87 35 11 61 4 45 42 79 65 7 12 97 91 41 44 34 80 90 99 56 66 43 40 16 26 83 77 38 29 10 28 75 47 13 89 88 2 57 55 76 25 27 58 8 20 54 24 39 5 14 3 72 84 64 22 53 33 73 46 67 94 86 52 70 71 51 63 68 92 37 1 18 49 9 6 98 82 21 93 15 23 59 32 60 36 74 48 78 31 17
17 21 98 89 53 80 70 11 76 87 82 12 24 95 23 90 34 32 54 94 27 38 39 30 64 56 85 14 78 74 31 1 20 83 60 15 26 44 75 96 86 55 51 18 41 29 93 84 88 91 10 5 61 69 68 47 36 50 73 3 33 49 79 63 57 16 7 77 37 42 45 59 92 52 58 81 48 67 28 99 4 8 35 72 19 13 2 22 65 40 25 43 100 9 97 6 62 71 66 46
2 60 55 88 9 90 53 69 93 15 47 78 99 46 17 18 54 83 84 23 63 98 13 25 100 8 95 38 12 75 1 41 49 59 51 50 28 4 21 5 31 40 11 96 6 89 22 37 92 26 97 27 24 87 85 45 70 10 58 30 16 82 57 65 80 19 14 33 73 7 52 64 39 66 91 35 62 56 3 29 32 77 36 67 76 20 68 42 86 81 43 71 72 74 34 61 48 94 79 44
72 16 24 48 60 71 77 73 66 67 82 28 37 56 87 4 34 78 2 21 59 84 65 49 62 41 97 85 8 58 36 27 53 44 93 52 89 29 31 68 99 26 3 95 69 15 57 32 92 33 45 50 42 94 17 98 39 30 76 9 19 79 54 10 86 35 14 63 51 80 25 91 81 11 75 88 13 43 40 22 6 96 74 46 47 38 18 5 23 61 1 7 100 83 90 12 64 55 70 20
49 20 85 74 4 30 44 99 37 8 28 35 26 100 46 15 2 77 36 19 23 34 97 54 63 82 73 29 38 11 79 14 48 52 31 80 43 40 69 94 66 67 65 68 89 12 95 13 70 59 92 78 98 81 3 10 75 57 32 6 90 17 62 22 1 93 41 55 72 18 58 42 88 60 64 24 50 33 87 7 9 45 25 51 21 47 5 84 61 27 91 39 76 71 96 86 83 16 53 56
53 55 21 46 52 26 27 83 63 66 15 23 45 62 59 89 85 67 20 18 96 71 4 49 80 24 37 91 99 87 61 48 57 11 17 9 64 2 95 81 73 79 28 44 98 13 42 100 12 22 47 77 25 16 8 50 19 70 43 35 14 38 32 72 40 65 3 54 69 36 10 7 56 82 90 31 93 94 6 88 68 1 92 51 33 75 86 97 5 84 39 34 58 29 76 41 30 74 78 60
8 68 7 49 91 26 65 39 74 10 35 6 83 54 82 97 99 47 84 60 18 17 20 72 55 61 53 94 58 51 34 27 64 71 2 90 37 1 77 29 76 85 63 24 42 78 75 30 95 32 59 43 15 57 5 73 48 38 87 31 41 40 13 22 28 52 100 14 56 89 96 4 45 98 88 69 67 81 44 19 21 9 92 80 3 33 70 25 50 23 93 12 46 11 36 79 86 62 16 66
83 23 73 31 62 48 28 77 58 85 11 21 30 17 84 99 95 9 82 33 69 75 25 2 65 29 1 19 32 61 5 57 56 22 51 27 66 80 26 7 67 71 55 50 45 63 60 46 59 35 81 91 93 54 92 74 79 70 6 52 38 100 78 76 16 41 43 94 72 15 97 13 87 96 12 24 42 37 4 3 89 98 40 64 88 47 68 10 53 44 36 20 49 34 90 18 86 39 8 14
63 2 49 73 95 10 47 19 36 34 23 41 6 20 65 87 90 30 55 17 13 39 11 60 4 21 24 29 66 85 69 22 7 27 57 40 58 83 61 98 80 14 59 26 44 5 51 48 91 97 3 46 62 72 43 89 82 42 77 12 78 9 81 70 84 86 15 99 92 33 54 16 32 96 37 75 100 76 52 18 45 38 68 93 50 79 28 56 8 31 71 64 25 94 74 35 67 88 1 53
80 13 56 12 65 85 30 40 79 3 4 52 66 49 91 14 11 92 93 1 31 78 81 6 84 54 41 28 44 22 74 69 67 88 82 46 87 5 63 73 20 48 43 51 7 77 17 34 24 47 64 97 10 100 33 72 90 25 32 42 16 70 83 18 57 75 71 99 35 50 62 86 26 58 29 39 45 95 76 9 94 61 2 55 23 36 89 19 37 15 53 27 38 68 59 96 98 8 21 60
19 90 62 12 2 71 93 57 20 28 21 89 5 65 58 63 33 4 11 45 66 34 50 54 88 25 40 37 67 59 23 82 99 39 35 51 41 47 16 22 100 55 83 92 87 76 8 68 38 1 17 75 7 24 77 79 48 15 9 84 29 36 85 95 74 70 60 27 98 53 97 18 14 10 3 72 56 30 64 43 69 31 91 94 44 6 42 32 26 80 61 49 13 46 96 73 78 86 52 81
90 95 97 83 31 24 52 62 4 70 98 41 69 2 77 33 19 51 13 99 67 55 92 32 42 71 75 87 50 72 73 65 37 53 63 46 100 66 40 85 43 96 34 79 60 45 15 28 57 84 10 64 14 11 68 91 7 76 82 54 44 12 35 78 48 22 1 49 61 93 9 20 56 39 47 88 16 5 18 80 29 58 8 59 38 17 89 27 26 94 6 30 21 23 25 36 86 3 74 81
74 35 36 14 85 25 94 54 15 28 60 32 20 8 37 16 75 56 39 9 26 93 61 98 33 58 64 51 80 5 82 46 4 24 72 96 91 13 40 59 38 41 62 21 77 48 47 52 45 81 53 86 50 1 49 3 2 22 95 73 87 65 99 42 88 76 92 57 19 67 84 29 79 27 63 55 6 23 18 89 43 83 34 12 90 68 44 11 71 100 97 10 70 78 66 7 31 17 30 69
92 19 79 10 28 51 56 15 43 83 11 70 38 90 25 61 54 75 13 69 74 33 29 55 76 64 50 59 24 21 71 95 37 88 17 26 8 62 18 58 5 9 87 93 100 65 2 23 81 72 63 94 39 57 78 14 27 99 97 41 3 46 84 98 80 22 40 86 96 48 42 30 66 35 89 53 31 16 73 91 52 20 68 36 67 47 12 44 82 45 49 32 34 85 1 7 77 6 4 60