50 50

# Men's preferences
26 24 20 12 5 46 27 10 30 17 32 22 13 4 40 39 11 25 36 1 44 19 34 49 42 31 29 21 23 43 47 37 33 45 14 50 48 3 28 38 6 35 7 9 15 16 18 2 8 41
43 42 14 10 20 30 2 1 16 4 29 11 39 23 17 46 49 18 26 38 31 22 33 32 28 50 12 27 21 34 9 48 7 44 47 45 15 3 5 13 37 24 40 41 19 36 6 25 8 35
23 19 11 15 18 20 7 31 24 1 27 22 38 41 40 33 13 44 48 6 47 29 4 2 25 3 49 34 5 8 12 43 28 39 35 36 16 9 17 10 30 45 26 32 42 50 21 46 37 14
49 29 6 14 38 25 23 42 28 18 15 9 22 35 46 5 32 31 40 3 19 36 2 8 37 26 27 44 4 39 16 21 48 34 50 24 10 13 43 20 41 7 45 12 33 17 47 1 30 11
27 31 24 19 40 26 33 10 6 14 12 30 49 21 13 20 25 23 32 18 7 46 43 9 47 17 3 11 28 42 48 35 37 4 44 1 39 41 45 36 38 2 22 5 15 16 8 50 34 29
33 11 17 19 31 10 20 40 42 49 15 27 44 23 36 39 32 21 26 2 45 34 24 37 14 6 8 41 25 38 3 1 4 48 43 5 50 30 18 12 28 9 29 35 46 13 16 7 22 47
10 43 32 15 46 41 1 29 39 25 36 13 18 27 23 28 40 49 7 9 42 17 24 45 22 14 3 30 2 20 19 35 8 26 16 37 5 12 6 44 47 11 34 33 31 38 50 4 21 48
30 27 28 6 12 3 8 13 26 47 21 2 37 14 15 43 45 32 25 22 42 38 40 10 50 46 18 44 31 41 4 49 48 7 39 36 1 34 20 35 29 11 19 24 16 5 23 9 17 33
17 16 37 42 27 21 11 6 33 49 25 15 13 34 19 23 44 14 18 31 4 32 45 22 7 12 2 39 26 30 29 40 20 41 9 48 43 47 38 24 3 35 10 5 8 1 50 28 46 36
16 49 29 39 8 17 24 45 35 43 41 7 21 48 10 33 28 12 14 32 40 50 19 6 9 4 1 11 34 27 37 38 44 36 5 18 22 26 46 2 42 47 20 23 30 13 15 31 3 25
42 12 31 38 28 50 30 2 3 23 35 4 17 16 44 15 11 14 7 39 32 1 18 34 10 37 41 6 29 24 48 25 47 13 9 36 19 26 46 27 45 33 20 8 49 21 40 22 43 5
28 19 24 12 42 34 7 22 46 9 11 49 36 50 39 33 29 18 45 48 17 6 8 14 4 38 35 1 23 21 41 43 26 32 25 47 37 27 30 5 40 31 16 3 2 10 13 15 20 44
24 9 2 35 6 44 30 26 12 46 10 25 33 4 1 36 15 50 20 14 49 7 27 23 13 8 28 37 3 42 38 21 22 39 40 19 5 47 43 45 32 34 18 41 16 17 29 31 48 11
23 16 20 5 21 10 24 31 4 29 48 17 12 1 8 3 19 14 27 36 43 44 40 7 41 13 46 38 34 49 33 39 47 6 37 42 45 35 9 30 11 26 22 25 2 50 28 18 15 32
5 25 18 26 34 39 1 12 41 47 15 35 38 46 6 32 28 45 4 36 21 29 3 33 23 27 13 22 19 48 49 50 7 20 42 44 11 24 17 30 14 37 8 43 31 9 16 10 40 2
17 4 3 45 39 2 9 50 26 47 14 27 5 23 32 7 37 33 24 44 1 11 13 22 20 19 38 25 8 15 29 36 6 16 21 43 48 49 31 35 40 18 42 34 12 28 10 46 30 41
40 1 38 17 3 13 37 47 14 27 34 5 22 44 30 49 41 21 43 7 4 8 25 10 9 39 33 12 11 18 35 28 23 46 24 20 48 26 15 19 6 2 29 50 42 31 45 16 36 32
45 37 14 34 23 8 24 12 15 11 17 38 33 50 26 39 10 21 5 30 42 25 27 13 44 43 16 28 40 2 6 22 29 47 31 41 49 7 32 48 19 36 4 3 18 9 35 46 1 20
44 21 18 42 13 26 24 35 30 39 37 25 38 50 20 4 45 49 19 9 33 22 3 15 34 28 23 32 8 2 10 31 29 27 1 46 5 36 12 16 11 6 43 17 47 41 14 7 48 40
5 14 13 25 24 47 4 48 12 36 8 11 7 10 38 23 42 43 16 44 34 46 9 50 1 41 19 37 27 22 31 15 40 2 17 21 28 3 39 6 29 32 35 33 18 26 49 20 45 30
14 24 41 48 11 47 13 46 4 29 34 22 37 28 44 23 10 5 18 9 35 31 15 38 16 25 20 12 39 7 2 50 42 1 33 49 8 40 17 21 6 30 3 36 26 43 19 32 45 27
20 24 22 4 12 2 37 41 7 39 47 43 6 48 23 15 5 38 44 21 35 1 29 17 11 14 26 34 45 3 28 9 13 25 46 36 49 16 40 31 27 18 33 19 32 10 42 50 30 8
28 41 26 15 19 37 6 4 2 47 23 8 17 12 40 18 27 36 44 13 20 11 38 16 39 34 49 14 5 24 1 30 35 29 7 22 33 9 50 32 10 42 43 45 25 46 31 48 21 3
39 25 47 34 42 9 45 12 37 1 30 14 17 18 44 15 40 5 31 33 8 36 13 43 48 32 35 6 26 22 38 27 16 10 50 24 23 19 4 21 3 2 20 11 29 49 46 41 7 28
27 5 6 46 18 4 21 44 32 3 14 15 29 42 11 40 39 36 12 8 10 50 43 33 24 37 22 47 34 1 9 26 2 35 19 23 48 16 7 31 25 13 49 30 17 45 28 41 20 38
20 10 37 16 2 15 28 14 7 29 43 48 38 50 47 4 44 1 23 32 46 39 45 26 42 41 40 25 5 3 36 30 8 22 49 31 17 11 18 33 34 24 35 9 13 12 27 21 19 6
10 11 1 34 28 38 17 26 25 31 45 35 37 6 29 2 36 21 33 4 43 47 19 14 18 23 24 22 12 49 13 50 16 7 46 32 44 39 3 9 8 27 48 20 30 41 5 42 15 40
21 47 7 12 40 19 29 15 32 49 10 17 31 37 3 24 45 46 23 50 38 26 36 1 20 34 25 11 48 28 27 33 35 5 44 9 16 22 4 2 39 41 42 14 43 6 30 8 13 18
28 36 42 12 1 6 17 35 43 32 41 8 19 18 10 13 27 9 21 46 49 37 11 25 39 40 23 16 44 22 14 26 50 4 2 30 20 34 3 15 45 47 7 38 33 24 29 31 5 48
13 23 3 9 8 44 20 29 33 50 38 45 1 40 16 41 32 14 37 11 48 25 19 2 18 36 46 12 47 39 4 42 34 35 6 5 31 10 24 17 43 28 21 7 49 26 30 22 27 15
10 4 31 42 9 14 33 39 11 25 16 26 29 45 34 46 49 17 48 30 21 27 3 13 32 19 5 41 6 1 35 22 20 43 12 38 44 2 40 47 28 50 37 18 8 24 36 23 7 15
17 37 38 31 30 44 42 6 21 12 35 22 24 15 34 41 16 48 4 11 25 9 5 26 10 7 1 2 40 13 36 3 20 46 19 45 47 23 8 33 14 50 27 49 39 32 28 43 29 18
9 1 12 50 16 35 22 39 18 29 38 36 20 25 15 32 4 43 40 34 23 31 46 10 33 3 17 13 42 14 44 7 47 6 24 30 11 49 2 45 8 19 27 41 26 48 28 37 21 5
13 6 23 4 1 14 34 8 7 28 24 16 20 11 18 22 25 27 44 33 15 43 3 17 46 2 19 9 26 36 39 35 31 47 40 10 45 21 48 29 38 37 30 32 41 12 5 42 50 49
1 17 43 37 8 9 27 32 41 19 35 18 48 15 5 28 45 23 38 26 50 2 20 42 40 25 14 13 46 30 49 24 11 34 36 44 16 3 12 47 6 22 7 29 4 10 33 31 39 21
1 37 38 14 23 41 27 15 26 32 43 21 13 49 29 35 19 18 17 4 10 3 40 5 8 30 16 44 11 7 31 12 48 45 2 24 33 28 47 34 50 22 42 25 36 20 6 46 39 9
11 10 26 49 1 47 37 32 22 8 41 50 33 21 23 28 4 18 12 39 2 9 5 38 7 6 14 34 17 36 25 43 30 42 48 13 31 20 46 35 15 45 19 40 29 16 44 24 27 3
47 48 18 42 8 36 11 39 41 13 35 12 17 32 14 37 34 38 46 1 20 40 29 28 43 5 31 23 44 49 30 19 3 9 10 22 7 21 50 15 45 6 25 16 24 33 26 4 27 2
4 36 9 47 43 15 26 38 45 34 7 11 20 31 29 13 42 46 21 18 24 25 12 17 3 49 22 6 14 48 44 23 1 28 19 10 50 37 33 2 35 39 32 8 5 30 40 41 27 16
25 15 1 34 8 4 44 21 33 24 42 36 6 27 14 20 49 43 29 28 37 16 18 32 17 10 11 39 7 26 2 13 19 45 40 5 46 41 31 30 12 47 35 23 3 9 22 48 38 50
17 8 47 33 4 5 13 10 1 16 46 27 36 26 11 3 22 9 42 30 48 2 25 40 31 29 41 14 23 49 15 20 38 37 43 7 21 19 35 12 39 44 50 28 6 18 34 24 32 45
14 46 31 27 33 22 11 23 44 2 20 38 12 45 49 7 15 19 30 28 18 13 17 50 6 35 1 4 8 36 32 21 26 43 34 9 5 41 40 47 29 10 39 3 37 25 48 24 42 16
34 25 31 42 39 26 4 48 27 6 21 2 49 7 28 14 17 38 45 10 22 3 50 47 29 37 30 44 18 40 1 32 16 9 13 8 15 33 24 12 41 11 20 19 35 36 5 46 23 43
22 37 16 38 45 29 7 46 24 12 2 32 1 26 14 40 25 48 35 36 27 47 3 30 42 43 31 5 49 18 39 13 17 6 19 44 23 15 21 41 11 20 10 34 8 4 33 28 9 50
6 35 46 33 45 34 37 47 7 25 1 2 3 36 19 9 32 15 8 39 41 18 17 38 50 13 12 24 40 23 28 21 10 22 14 43 48 27 29 11 4 5 30 49 26 44 16 31 20 42
34 3 27 29 43 41 39 42 11 8 15 17 40 25 24 21 7 46 22 44 37 13 12 9 5 38 35 28 1 18 10 31 45 19 36 4 23 14 16 48 49 26 6 2 47 20 50 30 33 32
7 15 47 35 37 23 4 2 14 46 1 8 28 21 12 16 18 40 25 19 32 41 44 6 27 34 11 5 17 29 20 45 30 31 48 9 38 43 3 42 50 33 39 13 10 49 36 22 24 26
21 27 1 45 12 39 19 44 41 46 35 36 6 18 9 22 43 26 24 32 33 47 20 50 28 7 23 30 5 14 49 29 2 13 8 3 16 10 25 40 34 11 31 48 4 15 37 38 42 17
39 17 11 30 13 6 1 44 4 29 24 28 22 37 42 46 38 7 16 9 47 12 3 43 27 2 10 5 33 34 41 40 26 25 35 8 45 50 49 23 31 21 32 14 19 48 15 20 36 18
44 43 40 26 10 32 29 17 39 37 28 42 5 12 15 20 16 41 23 47 14 6 2 24 18 8 33 34 3 25 30 50 35 21 19 13 38 45 48 11 36 1 9 49 31 46 22 27 7 4

# Women's preferences
31 20 2 39 7 43 25 34 27 50 29 14 36 10 35 24 32 15 23 45 9 41 48 46 16 5 6 4 40 38 3 21 33 28 26 44 49 37 19 47 1 12 17 42 30 11 22 8 13 18
48 6 29 14 5 36 13 21 4 11 37 1 32 35 2 12 42 38 17 3 47 28 49 7 22 50 34 25 16 18 23 27 43 30 10 31 9 39 15 40 24 19 41 8 45 20 46 33 44 26
17 15 22 45 31 8 49 10 47 23 11 13 34 35 5 48 16 21 28 18 25 12 14 41 3 19 7 24 1 40 42 26 2 20 39 36 44 37 43 27 50 9 30 4 29 33 6 32 38 46
6 32 38 29 31 17 36 11 45 13 21 18 19 10 49 3 27 48 41 39 14 22 40 4 44 24 7 43 5 47 33 16 50 25 37 28 46 30 20 2 1 15 9 34 26 35 12 8 23 42
28 35 1 25 26 6 44 24 36 50 8 9 23 3 7 43 5 49 29 11 17 13 30 31 32 2 41 38 14 22 42 12 4 18 40 27 48 34 10 20 16 45 39 46 21 37 47 15 19 33
44 47 31 38 30 5 49 21 23 43 8 2 12 37 15 20 1 10 11 50 45 40 48 42 39 19 33 26 7 32 28 3 46 18 4 13 35 41 24 29 6 22 14 17 16 25 9 34 36 27
40 4 22 44 2 49 6 34 26 25 46 12 29 50 48 36 16 47 13 8 11 41 5 43 38 37 28 19 18 9 1 10 15 3 27 39 45 14 21 31 7 30 32 33 24 17 20 23 42 35
6 48 45 11 36 32 8 7 19 23 13 38 37 31 39 17 28 46 26 18 24 49 25 40 16 29 22 21 20 2 50 30 33 14 41 10 44 15 9 27 1 47 43 5 3 34 4 42 35 12
7 28 19 9 29 25 22 35 41 5 8 10 12 36 46 48 4 11 14 27 33 32 45 1 21 2 38 44 39 31 49 47 3 42 20 15 50 37 30 43 24 6 26 18 23 17 34 40 13 16
17 19 29 28 47 44 21 31 36 45 12 7 18 33 30 40 15 34 1 39 13 32 24 43 42 3 27 8 49 4 50 23 6 9 48 22 35 25 41 16 37 11 20 5 26 46 10 38 14 2
28 8 37 35 43 44 30 19 23 32 2 16 33 5 22 13 11 42 26 12 31 38 4 36 17 27 34 15 14 39 3 9 40 49 45 29 20 1 50 7 24 21 47 48 41 46 25 10 18 6
44 34 2 38 12 36 25 4 23 19 21 37 3 6 8 33 22 41 40 26 14 39 15 45 29 42 43 46 35 1 48 9 7 30 13 49 16 17 24 47 31 20 27 50 28 11 5 10 32 18
8 1 42 24 25 7 21 4 11 31 10 47 46 6 40 43 28 45 18 50 39 33 34 15 3 49 26 41 23 48 22 17 16 20 9 32 27 5 19 29 14 30 2 36 44 12 35 38 13 37
18 20 2 48 41 27 11 13 38 9 32 8 31 50 6 30 21 3 14 10 4 16 47 12 5 40 23 19 45 25 35 46 24 29 39 36 34 33 15 17 43 1 7 28 22 26 49 44 42 37
29 23 17 35 9 41 47 49 37 10 48 39 18 5 4 27 24 25 32 19 33 43 50 1 13 14 38 31 40 6 21 26 15 30 28 45 44 36 12 34 16 11 7 42 22 2 8 46 3 20
1 16 7 19 2 15 28 29 18 3 44 42 33 11 37 27 49 22 24 35 14 13 17 5 47 36 48 31 10 50 4 46 9 6 20 12 30 45 23 8 38 26 40 25 39 21 41 34 32 43
34 7 3 21 20 14 44 30 47 12 22 31 5 37 48 49 17 24 16 19 15 41 28 18 42 45 35 10 8 43 26 2 6 11 38 29 39 50 27 46 33 36 25 13 9 32 1 23 4 40
21 43 1 15 25 42 7 27 13 22 12 49 26 44 40 2 34 5 33 47 30 19 24 10 32 37 45 31 50 36 18 39 4 35 41 9 11 28 46 38 14 16 8 48 6 23 17 29 3 20
3 35 31 20 4 22 40 49 8 2 12 36 47 17 15 37 48 38 19 34 42 10 11 9 16 28 14 7 13 45 43 46 23 39 44 1 21 32 30 24 18 33 26 6 50 5 29 25 27 41
50 25 48 29 39 34 10 32 22 31 38 12 35 2 14 37 44 27 33 40 8 19 5 30 16 7 1 36 23 3 21 28 15 46 26 4 49 41 43 17 24 47 6 18 11 20 42 9 45 13
21 15 16 7 6 18 2 50 40 46 22 41 35 17 26 31 47 8 28 39 32 12 13 24 19 30 48 43 4 33 3 36 38 27 45 14 23 29 11 1 37 34 5 10 44 42 49 25 9 20
35 31 44 26 20 48 28 10 14 15 11 40 29 30 13 17 2 7 38 23 36 50 37 3 49 43 33 6 22 18 12 27 45 9 21 24 1 34 5 39 41 46 47 8 25 32 16 4 42 19
25 7 48 11 19 32 47 27 18 3 29 17 13 31 9 12 45 23 44 40 1 36 34 43 24 22 46 2 30 39 15 8 42 49 37 4 16 28 50 5 41 38 26 21 35 10 14 33 6 20
20 10 25 43 50 49 44 6 27 45 9 21 14 3 15 13 12 16 31 26 23 2 1 40 28 8 38 35 22 19 29 7 47 36 39 11 42 4 24 33 30 32 48 41 37 46 17 5 34 18
2 17 14 43 23 22 11 28 32 36 9 47 37 29 27 48 41 25 18 7 16 35 46 45 50 38 49 31 42 39 10 13 24 1 40 6 21 20 19 30 5 26 3 34 15 12 4 44 33 8
25 1 35 49 36 20 38 44 12 39 23 31 17 28 46 47 41 29 21 13 11 40 45 8 5 22 14 2 37 19 42 26 9 33 7 43 30 24 48 50 15 3 6 18 10 4 32 27 16 34
25 7 5 27 19 26 12 37 33 41 24 47 38 45 32 40 28 4 43 36 18 15 31 1 34 9 50 22 2 44 13 49 16 42 10 21 48 3 39 46 11 6 8 17 30 20 29 14 23 35
17 36 47 35 18 37 38 40 27 31 21 1 19 24 23 39 16 10 41 20 33 48 15 34 44 45 7 12 43 14 46 25 49 32 26 28 11 4 30 3 8 22 6 9 29 42 13 50 2 5
11 29 7 47 28 1 5 20 49 10 44 30 3 14 24 13 36 34 42 9 22 27 45 6 8 19 40 38 17 16 26 4 39 43 15 41 2 12 18 50 21 33 37 48 32 35 31 23 46 25
48 14 25 33 21 27 8 7 40 18 16 46 30 29 10 38 37 45 47 17 43 24 19 5 36 41 11 28 26 44 23 49 9 13 22 1 31 34 2 42 39 15 4 6 3 50 12 20 35 32
27 22 45 10 14 16 44 17 18 13 31 29 2 39 4 33 49 41 34 46 23 28 35 6 30 36 8 48 24 11 5 32 7 50 21 42 3 40 26 37 1 47 9 19 20 25 12 38 43 15
12 22 34 28 32 43 8 9 4 44 36 26 49 33 10 27 14 1 16 48 20 45 47 18 38 24 30 13 40 6 41 39 46 17 21 2 19 3 5 29 11 15 42 37 31 7 50 35 23 25
50 40 14 17 43 12 25 11 5 39 8 44 15 35 29 30 23 18 27 9 22 46 34 38 41 49 3 42 21 45 33 2 48 13 31 19 6 28 1 24 47 10 32 36 37 26 4 7 16 20
14 11 21 12 8 33 9 30 26 46 1 29 18 28 22 42 48 39 37 5 20 24 40 19 17 2 44 13 3 50 32 16 31 41 34 25 4 36 15 38 27 35 23 47 6 7 43 45 49 10
35 15 46 45 17 24 20 11 41 22 23 28 3 32 5 50 2 29 16 13 9 14 12 44 33 47 31 49 19 4 42 7 39 10 37 8 27 43 38 40 1 30 34 18 21 48 26 36 25 6
23 8 5 39 47 11 31 28 4 41 1 36 40 26 19 33 37 10 3 34 43 48 12 17 25 16 49 14 35 30 42 38 13 6 27 44 21 29 45 9 15 7 32 50 46 20 22 2 24 18
25 22 35 39 20 21 14 45 43 28 47 15 5 4 11 17 42 7 19 34 40 48 1 10 3 37 38 9 36 27 6 44 23 31 12 29 32 49 16 2 8 41 26 33 30 50 18 13 46 24
5 50 13 12 19 2 8 6 36 47 33 15 40 43 32 35 31 44 38 9 11 3 16 4 22 27 10 29 37 21 45 24 1 7 26 34 49 41 14 17 30 23 25 28 18 42 48 46 20 39
2 29 45 50 4 1 42 17 39 16 32 14 28 44 46 10 34 41 8 47 21 36 43 6 48 18 49 30 9 24 5 40 7 19 12 11 20 33 23 31 35 15 22 13 37 38 3 25 26 27
32 50 37 5 17 47 41 43 19 46 35 23 14 24 38 29 18 26 7 39 15 1 2 36 28 6 48 11 16 3 45 12 21 40 30 42 22 49 9 10 4 27 20 34 25 44 8 33 13 31
18 8 12 26 45 28 44 36 19 41 50 30 4 43 31 40 22 5 14 11 38 32 17 48 39 29 10 42 27 3 6 37 33 25 7 9 20 23 15 16 46 2 49 34 21 1 24 47 13 35
34 11 45 43 6 20 31 32 33 36 49 48 12 15 19 28 30 14 10 1 21 22 26 37 5 23 16 9 18 47 13 29 27 50 38 2 7 44 39 4 40 35 17 41 25 3 42 46 24 8
39 47 29 43 20 12 24 7 18 33 38 28 46 2 48 30 21 10 15 40 9 4 26 49 25 42 5 41 37 44 45 8 6 35 1 16 22 31 14 32 36 3 11 19 27 23 13 34 17 50
41 9 39 33 20 48 45 38 3 1 17 34 13 7 10 44 15 16 19 35 28 27 2 46 5 4 49 32 21 14 36 31 25 50 30 37 26 8 12 47 24 6 18 40 29 23 22 11 42 43
13 36 14 8 12 26 10 49 40 41 9 32 38 19 4 11 29 3 33 24 35 50 6 48 47 2 20 18 30 27 5 25 23 31 16 28 7 39 45 22 15 43 37 34 44 46 1 21 42 17
17 9 30 45 39 44 25 5 10 35 37 19 23 13 41 4 24 40 16 31 34 18 28 48 46 43 12 11 15 22 47 14 33 20 50 1 38 36 3 27 26 7 2 42 49 8 21 29 32 6
38 18 6 12 31 39 20 11 36 50 23 43 10 34 49 2 1 16 5 44 29 28 24 15 25 4 19 35 33 21 37 3 48 45 22 41 30 14 26 8 42 13 40 17 7 27 47 46 9 32
3 2 31 48 32 1 8 38 25 40 7 24 43 15 42 47 49 4 11 46 17 6 35 30 5 28 12 44 10 23 37 34 13 14 21 36 20 33 50 41 9 29 19 22 26 18 16 45 39 27
9 32 36 16 26 39 33 6 34 27 31 40 5 12 1 30 44 38 20 28 2 22 25 41 37 42 8 46 45 21 24 15 7 29 23 3 35 14 48 47 50 17 19 11 18 13 49 43 4 10
32 30 22 41 42 26 7 49 14 50 4 35 6 43 13 40 47 38 16 10 24 21 27 20 31 39 2 46 23 15 34 1 37 11 9 17 36 18 28 3 25 8 33 45 48 5 44 12 29 19